0 0
1 0
2 0
3 0
4 0
5 0
6 0
7 0
8 0
9 0
10 1
11 0
12 0
13 0
14 1
15 0
16 0
17 0
18 0
19 0
20 1
21 0
22 0
23 0
24 0
25 0
26 0
27 0
28 2
29 0
30 1
31 0
32 1
33 0
34 2
35 0
36 0
37 2
38 3
39 5
40 6
41 1
42 4
43 8
44 10
45 15
46 19
47 55
48 205
49 917
50 2202
51 3218
52 3513
53 3796
54 3849
55 3939
56 4347
57 4556
58 4884
59 5305
60 5475
61 5725
62 5761
63 5652
64 5665
65 5555
66 5599
67 5609
68 5465
69 5288
70 5379
71 5392
72 5310
73 5269
74 5214
75 5039
76 5057
77 5142
78 4952
79 5084
80 4951
81 4949
82 4924
83 4887
84 5006
85 4891
86 4869
87 4810
88 4857
89 4793
90 4685
91 4789
92 4660
93 4651
94 4740
95 4608
96 4555
97 4646
98 4591
99 4553
100 4518
101 4480
102 4485
103 4378
104 4532
105 4449
106 4410
107 4446
108 4348
109 4349
110 4425
111 4358
112 4310
113 4227
114 4365
115 4296
116 4360
117 4236
118 4448
119 4277
120 4360
121 4223
122 4186
123 4228
124 4191
125 4240
126 4108
127 4184
128 4072
129 4081
130 4108
131 4057
132 4100
133 4062
134 4125
135 4127
136 4065
137 3960
138 4004
139 4007
140 4014
141 4029
142 3918
143 3925
144 3912
145 3997
146 3868
147 3852
148 3976
149 3790
150 3898
151 3978
152 3817
153 3823
154 3891
155 3785
156 3905
157 3848
158 3815
159 3733
160 3852
161 3730
162 3916
163 3772
164 3826
165 3846
166 3741
167 3786
168 3730
169 3650
170 3722
171 3747
172 3727
173 3791
174 3702
175 3670
176 3742
177 3769
178 3568
179 3700
180 3617
181 3611
182 3568
183 3512
184 3754
185 3508
186 3627
187 3481
188 3668
189 3613
190 3516
191 3610
192 3531
193 3525
194 3523
195 3452
196 3682
197 3521
198 3613
199 3511
200 3420
201 3505
202 3548
203 3471
204 3598
205 3536
206 3450
207 3562
208 3412
209 3562
210 3490
211 3430
212 3468
213 3455
214 3606
215 3416
216 3437
217 3483
218 3520
219 3538
220 3368
221 3504
222 3480
223 3322
224 3352
225 3366
226 3406
227 3366
228 3322
229 3323
230 3350
231 3381
232 3379
233 3462
234 3389
235 3356
236 3368
237 3442
238 3367
239 3259
240 3363
241 3300
242 3392
243 3323
244 3264
245 3394
246 3385
247 3388
248 3379
249 3463
250 3273
251 3351
252 3294
253 3249
254 3243
255 3290
256 3300
257 3314
258 3282
259 3316
260 3340
261 3314
262 3403
263 3302
264 3362
265 3356
266 3279
267 3296
268 3345
269 3298
270 3310
271 3301
272 3337
273 3267
274 3390
275 3318
276 3206
277 3360
278 3268
279 3335
280 3318
281 3271
282 3298
283 3258
284 3325
285 3265
286 3355
287 3272
288 3351
289 3289
290 3259
291 3303
292 3274
293 3363
294 3213
295 3400
296 3115
297 3383
298 3392
299 3301
300 3285
301 3247
302 3446
303 3228
304 3344
305 3249
306 3287
307 3340
308 3166
309 3169
310 3237
311 3163
312 3336
313 3319
314 3280
315 3306
316 3352
317 3179
318 3316
319 3342
320 3414
321 3273
322 3344
323 3379
324 3341
325 3350
326 3476
327 3438
328 3568
329 3707
330 3756
331 3984
332 4209
333 4466
334 4836
335 4932
336 5131
337 5305
338 5475
339 5489
340 5532
341 5749
342 5869
343 6083
344 6306
345 6445
346 6420
347 6503
348 6463
349 6184
350 5722
351 5516
352 4997
353 4612
354 4235
355 3869
356 3607
357 3512
358 3298
359 3234
360 3158
361 3108
362 3150
363 3054
364 3030
365 3148
366 3084
367 3127
368 3049
369 3163
370 3140
371 3089
372 3060
373 3088
374 2975
375 3112
376 3076
377 3184
378 3114
379 3193
380 3079
381 3225
382 3205
383 3309
384 3318
385 3492
386 3474
387 3866
388 3974
389 4161
390 4368
391 4274
392 4378
393 4582
394 4548
395 4421
396 4377
397 4222
398 3993
399 3901
400 3761
401 3651
402 3578
403 3396
404 3444
405 3505
406 3447
407 3399
408 3263
409 3302
410 3213
411 3203
412 3067
413 2994
414 3005
415 2965
416 3028
417 2887
418 2982
419 2935
420 2946
421 2938
422 2953
423 2804
424 2897
425 2896
426 2968
427 2856
428 3015
429 2901
430 2874
431 2965
432 2971
433 3042
434 2898
435 2947
436 2903
437 2886
438 2968
439 3012
440 2951
441 2929
442 2951
443 2964
444 2855
445 2864
446 2773
447 2968
448 2980
449 2925
450 2887
451 2814
452 2988
453 2932
454 2941
455 2861
456 2953
457 2802
458 2864
459 2875
460 2908
461 2862
462 2827
463 2965
464 2835
465 2838
466 2864
467 2825
468 2802
469 2856
470 2888
471 2904
472 2827
473 2871
474 2912
475 2858
476 2954
477 2914
478 2808
479 2814
480 2848
481 2752
482 2833
483 2852
484 2925
485 2923
486 2826
487 2830
488 2857
489 2745
490 2848
491 2813
492 2846
493 2820
494 2854
495 2922
496 2851
497 2808
498 2786
499 2869
500 2876
501 2845
502 2827
503 2771
504 2887
505 2903
506 2834
507 2836
508 2790
509 2778
510 2832
511 2877
512 2734
513 2840
514 2838
515 2836
516 2777
517 2870
518 2902
519 2786
520 2838
521 2871
522 2889
523 2834
524 2847
525 2861
526 2962
527 2810
528 2793
529 2844
530 2832
531 2858
532 2837
533 2778
534 2796
535 2786
536 2705
537 2798
538 2713
539 2832
540 2727
541 2794
542 2759
543 2880
544 2931
545 2795
546 2879
547 2739
548 2704
549 2758
550 2829
551 2854
552 2741
553 2787
554 2724
555 2778
556 2778
557 2835
558 2835
559 2823
560 2873
561 2799
562 2836
563 2831
564 2698
565 2774
566 2854
567 2867
568 2835
569 2808
570 2834
571 2775
572 2787
573 2903
574 2798
575 2904
576 2741
577 2847
578 2846
579 2883
580 2777
581 2813
582 2833
583 2851
584 2809
585 2796
586 2747
587 2893
588 2790
589 2926
590 2826
591 2793
592 2869
593 2853
594 2813
595 2801
596 2793
597 2744
598 2735
599 2706
600 2838
601 2859
602 2837
603 2703
604 2756
605 2816
606 2788
607 2859
608 2816
609 2737
610 2816
611 2798
612 2703
613 2731
614 2767
615 2879
616 2756
617 2826
618 2882
619 2745
620 2845
621 2805
622 2720
623 2764
624 2829
625 2712
626 2742
627 2757
628 2805
629 2762
630 2819
631 2792
632 2804
633 2707
634 2744
635 2777
636 2679
637 2714
638 2730
639 2763
640 2805
641 2737
642 2712
643 2732
644 2715
645 2714
646 2649
647 2725
648 2678
649 2729
650 2711
651 2657
652 2696
653 2666
654 2671
655 2688
656 2718
657 2731
658 2690
659 2785
660 2601
661 2643
662 2684
663 2731
664 2733
665 2683
666 2754
667 2628
668 2704
669 2686
670 2655
671 2656
672 2753
673 2682
674 2608
675 2717
676 2600
677 2663
678 2629
679 2695
680 2700
681 2693
682 2626
683 2744
684 2634
685 2652
686 2680
687 2683
688 2616
689 2661
690 2666
691 2702
692 2561
693 2816
694 2708
695 2708
696 2688
697 2648
698 2668
699 2687
700 2644
701 2654
702 2660
703 2630
704 2655
705 2676
706 2648
707 2599
708 2596
709 2651
710 2620
711 2603
712 2594
713 2600
714 2577
715 2578
716 2531
717 2617
718 2643
719 2577
720 2666
721 2621
722 2536
723 2622
724 2577
725 2671
726 2626
727 2616
728 2568
729 2498
730 2713
731 2620
732 2633
733 2509
734 2580
735 2511
736 2524
737 2595
738 2528
739 2449
740 2649
741 2517
742 2568
743 2571
744 2515
745 2522
746 2437
747 2504
748 2573
749 2541
750 2522
751 2554
752 2555
753 2578
754 2558
755 2499
756 2487
757 2609
758 2483
759 2561
760 2550
761 2527
762 2581
763 2525
764 2482
765 2585
766 2526
767 2533
768 2412
769 2511
770 2462
771 2516
772 2458
773 2561
774 2481
775 2400
776 2478
777 2521
778 2471
779 2343
780 2502
781 2497
782 2557
783 2417
784 2450
785 2420
786 2458
787 2511
788 2450
789 2426
790 2455
791 2417
792 2420
793 2430
794 2441
795 2469
796 2471
797 2398
798 2449
799 2476
800 2485
801 2455
802 2454
803 2427
804 2451
805 2522
806 2419
807 2407
808 2379
809 2441
810 2415
811 2412
812 2479
813 2433
814 2378
815 2476
816 2384
817 2459
818 2381
819 2503
820 2383
821 2403
822 2387
823 2348
824 2450
825 2400
826 2330
827 2411
828 2410
829 2418
830 2334
831 2395
832 2385
833 2324
834 2441
835 2371
836 2348
837 2427
838 2387
839 2402
840 2335
841 2345
842 2301
843 2338
844 2359
845 2404
846 2345
847 2368
848 2355
849 2400
850 2448
851 2388
852 2394
853 2321
854 2322
855 2385
856 2246
857 2387
858 2329
859 2270
860 2414
861 2384
862 2351
863 2309
864 2439
865 2307
866 2346
867 2319
868 2304
869 2375
870 2374
871 2364
872 2324
873 2389
874 2358
875 2381
876 2303
877 2324
878 2380
879 2337
880 2299
881 2396
882 2341
883 2215
884 2316
885 2315
886 2330
887 2309
888 2270
889 2329
890 2324
891 2380
892 2279
893 2266
894 2325
895 2266
896 2392
897 2351
898 2351
899 2340
900 2313
901 2355
902 2283
903 2336
904 2274
905 2334
906 2342
907 2262
908 2253
909 2308
910 2255
911 2268
912 2306
913 2236
914 2259
915 2287
916 2277
917 2312
918 2256
919 2348
920 2216
921 2164
922 2239
923 2313
924 2290
925 2364
926 2325
927 2283
928 2208
929 2289
930 2296
931 2296
932 2214
933 2209
934 2295
935 2244
936 2314
937 2252
938 2307
939 2306
940 2248
941 2404
942 2261
943 2287
944 2334
945 2325
946 2204
947 2308
948 2346
949 2219
950 2277
951 2323
952 2297
953 2272
954 2304
955 2328
956 2403
957 2382
958 2232
959 2379
960 2360
961 2337
962 2363
963 2377
964 2365
965 2389
966 2252
967 2448
968 2499
969 2372
970 2348
971 2491
972 2421
973 2409
974 2457
975 2491
976 2406
977 2427
978 2433
979 2396
980 2434
981 2546
982 2434
983 2544
984 2496
985 2476
986 2556
987 2459
988 2481
989 2547
990 2452
991 2550
992 2586
993 2504
994 2554
995 2489
996 2444
997 2492
998 2452
999 2443
1000 2522
1001 2552
1002 2589
1003 2506
1004 2499
1005 2479
1006 2571
1007 2503
1008 2460
1009 2514
1010 2454
1011 2495
1012 2472
1013 2512
1014 2495
1015 2373
1016 2429
1017 2422
1018 2521
1019 2320
1020 2459
1021 2367
1022 2376
1023 2526
1024 2417
1025 2372
1026 2408
1027 2369
1028 2375
1029 2350
1030 2261
1031 2418
1032 2384
1033 2421
1034 2544
1035 2413
1036 2266
1037 2255
1038 2437
1039 2284
1040 2354
1041 2307
1042 2356
1043 2323
1044 2197
1045 2385
1046 2327
1047 2321
1048 2268
1049 2298
1050 2363
1051 2282
1052 2204
1053 2285
1054 2314
1055 2358
1056 2305
1057 2223
1058 2303
1059 2187
1060 2237
1061 2288
1062 2262
1063 2284
1064 2263
1065 2232
1066 2324
1067 2181
1068 2179
1069 2211
1070 2214
1071 2085
1072 2224
1073 2171
1074 2205
1075 2182
1076 2182
1077 2214
1078 2219
1079 2099
1080 2240
1081 2188
1082 2203
1083 2120
1084 2127
1085 2200
1086 2203
1087 2194
1088 2117
1089 2214
1090 2130
1091 2174
1092 2063
1093 2128
1094 2161
1095 2167
1096 2237
1097 2179
1098 2043
1099 2095
1100 2118
1101 2145
1102 2145
1103 2101
1104 2176
1105 2152
1106 2058
1107 2047
1108 2091
1109 2062
1110 2174
1111 2105
1112 2035
1113 2099
1114 2019
1115 2016
1116 2146
1117 1987
1118 2073
1119 2123
1120 2095
1121 2095
1122 2107
1123 2120
1124 2049
1125 2088
1126 2069
1127 2069
1128 2028
1129 2106
1130 2122
1131 2070
1132 2074
1133 2001
1134 2063
1135 1974
1136 1985
1137 2157
1138 2056
1139 2015
1140 2160
1141 2067
1142 1988
1143 1962
1144 2030
1145 2026
1146 2038
1147 2082
1148 1939
1149 1975
1150 1981
1151 2056
1152 1990
1153 2027
1154 1996
1155 1945
1156 1963
1157 1984
1158 1972
1159 1935
1160 1931
1161 1936
1162 1978
1163 1917
1164 1987
1165 2032
1166 1976
1167 1944
1168 1923
1169 1977
1170 1883
1171 2023
1172 1970
1173 1964
1174 1955
1175 1945
1176 1908
1177 1924
1178 1918
1179 1904
1180 1903
1181 2016
1182 1964
1183 1980
1184 1864
1185 1922
1186 1870
1187 1970
1188 1959
1189 1936
1190 1835
1191 1981
1192 1881
1193 1948
1194 1965
1195 1941
1196 1895
1197 1882
1198 1992
1199 1903
1200 1919
1201 1919
1202 1885
1203 1842
1204 1877
1205 1923
1206 1885
1207 1897
1208 1897
1209 1830
1210 1848
1211 1894
1212 1897
1213 1864
1214 1853
1215 1897
1216 1911
1217 1829
1218 1905
1219 1846
1220 1862
1221 1974
1222 1918
1223 1856
1224 1895
1225 1830
1226 1804
1227 1864
1228 1909
1229 1847
1230 1888
1231 1782
1232 1862
1233 1763
1234 1853
1235 1824
1236 1858
1237 1724
1238 1864
1239 1804
1240 1828
1241 1838
1242 1860
1243 1812
1244 1830
1245 1796
1246 1757
1247 1876
1248 1815
1249 1774
1250 1857
1251 1873
1252 1806
1253 1806
1254 1786
1255 1791
1256 1832
1257 1750
1258 1847
1259 1770
1260 1837
1261 1735
1262 1687
1263 1825
1264 1798
1265 1782
1266 1769
1267 1743
1268 1886
1269 1761
1270 1809
1271 1767
1272 1732
1273 1766
1274 1831
1275 1735
1276 1776
1277 1665
1278 1767
1279 1790
1280 1700
1281 1659
1282 1776
1283 1765
1284 1731
1285 1763
1286 1722
1287 1741
1288 1752
1289 1747
1290 1783
1291 1780
1292 1716
1293 1762
1294 1712
1295 1765
1296 1763
1297 1773
1298 1797
1299 1721
1300 1667
1301 1700
1302 1721
1303 1616
1304 1734
1305 1755
1306 1713
1307 1738
1308 1738
1309 1690
1310 1750
1311 1706
1312 1668
1313 1732
1314 1634
1315 1670
1316 1748
1317 1628
1318 1796
1319 1747
1320 1669
1321 1709
1322 1652
1323 1716
1324 1653
1325 1736
1326 1669
1327 1667
1328 1679
1329 1736
1330 1659
1331 1729
1332 1631
1333 1758
1334 1624
1335 1684
1336 1670
1337 1687
1338 1729
1339 1726
1340 1670
1341 1672
1342 1748
1343 1665
1344 1672
1345 1678
1346 1562
1347 1696
1348 1715
1349 1692
1350 1690
1351 1629
1352 1688
1353 1725
1354 1583
1355 1679
1356 1660
1357 1635
1358 1667
1359 1609
1360 1666
1361 1670
1362 1677
1363 1628
1364 1734
1365 1618
1366 1645
1367 1697
1368 1662
1369 1597
1370 1647
1371 1659
1372 1682
1373 1593
1374 1664
1375 1629
1376 1602
1377 1578
1378 1513
1379 1593
1380 1630
1381 1632
1382 1542
1383 1623
1384 1684
1385 1620
1386 1599
1387 1616
1388 1652
1389 1621
1390 1640
1391 1681
1392 1589
1393 1573
1394 1618
1395 1626
1396 1666
1397 1702
1398 1517
1399 1662
1400 1567
1401 1575
1402 1519
1403 1523
1404 1566
1405 1595
1406 1555
1407 1623
1408 1585
1409 1585
1410 1533
1411 1592
1412 1627
1413 1631
1414 1525
1415 1576
1416 1549
1417 1590
1418 1594
1419 1584
1420 1604
1421 1576
1422 1536
1423 1536
1424 1598
1425 1672
1426 1615
1427 1589
1428 1616
1429 1655
1430 1651
1431 1623
1432 1641
1433 1611
1434 1634
1435 1697
1436 1688
1437 1684
1438 1693
1439 1620
1440 1668
1441 1651
1442 1614
1443 1666
1444 1640
1445 1578
1446 1672
1447 1605
1448 1606
1449 1587
1450 1582
1451 1577
1452 1563
1453 1566
1454 1544
1455 1517
1456 1591
1457 1515
1458 1458
1459 1513
1460 1627
1461 1457
1462 1520
1463 1526
1464 1495
1465 1486
1466 1582
1467 1584
1468 1505
1469 1522
1470 1512
1471 1526
1472 1472
1473 1572
1474 1586
1475 1481
1476 1503
1477 1517
1478 1557
1479 1557
1480 1498
1481 1538
1482 1569
1483 1587
1484 1471
1485 1537
1486 1535
1487 1531
1488 1561
1489 1559
1490 1605
1491 1467
1492 1515
1493 1552
1494 1471
1495 1548
1496 1458
1497 1486
1498 1499
1499 1577
1500 1563
1501 1562
1502 1473
1503 1519
1504 1485
1505 1442
1506 1458
1507 1526
1508 1479
1509 1456
1510 1462
1511 1574
1512 1536
1513 1457
1514 1456
1515 1550
1516 1539
1517 1516
1518 1504
1519 1437
1520 1416
1521 1438
1522 1415
1523 1491
1524 1457
1525 1509
1526 1444
1527 1501
1528 1476
1529 1441
1530 1546
1531 1511
1532 1471
1533 1453
1534 1527
1535 1439
1536 1522
1537 1488
1538 1449
1539 1389
1540 1456
1541 1537
1542 1478
1543 1496
1544 1388
1545 1450
1546 1456
1547 1465
1548 1408
1549 1388
1550 1402
1551 1434
1552 1553
1553 1420
1554 1475
1555 1390
1556 1455
1557 1436
1558 1451
1559 1444
1560 1408
1561 1392
1562 1435
1563 1399
1564 1400
1565 1452
1566 1493
1567 1474
1568 1465
1569 1487
1570 1405
1571 1402
1572 1364
1573 1400
1574 1498
1575 1389
1576 1420
1577 1453
1578 1387
1579 1363
1580 1485
1581 1453
1582 1418
1583 1455
1584 1387
1585 1406
1586 1384
1587 1429
1588 1406
1589 1499
1590 1424
1591 1360
1592 1395
1593 1451
1594 1393
1595 1426
1596 1465
1597 1399
1598 1462
1599 1414
1600 1394
1601 1328
1602 1422
1603 1417
1604 1398
1605 1394
1606 1362
1607 1387
1608 1386
1609 1415
1610 1326
1611 1412
1612 1341
1613 1379
1614 1417
1615 1362
1616 1467
1617 1446
1618 1363
1619 1430
1620 1337
1621 1380
1622 1352
1623 1421
1624 1440
1625 1365
1626 1348
1627 1378
1628 1392
1629 1387
1630 1396
1631 1323
1632 1326
1633 1344
1634 1368
1635 1463
1636 1396
1637 1435
1638 1401
1639 1348
1640 1409
1641 1434
1642 1451
1643 1420
1644 1287
1645 1416
1646 1318
1647 1331
1648 1419
1649 1352
1650 1390
1651 1434
1652 1329
1653 1365
1654 1347
1655 1364
1656 1327
1657 1410
1658 1370
1659 1368
1660 1442
1661 1310
1662 1363
1663 1333
1664 1320
1665 1409
1666 1315
1667 1386
1668 1394
1669 1379
1670 1407
1671 1420
1672 1351
1673 1355
1674 1344
1675 1369
1676 1400
1677 1383
1678 1342
1679 1305
1680 1326
1681 1340
1682 1395
1683 1357
1684 1323
1685 1331
1686 1330
1687 1295
1688 1346
1689 1345
1690 1330
1691 1321
1692 1348
1693 1359
1694 1321
1695 1314
1696 1387
1697 1340
1698 1305
1699 1293
1700 1321
1701 1302
1702 1323
1703 1335
1704 1374
1705 1297
1706 1376
1707 1361
1708 1299
1709 1333
1710 1323
1711 1334
1712 1360
1713 1369
1714 1320
1715 1320
1716 1396
1717 1319
1718 1341
1719 1383
1720 1259
1721 1340
1722 1298
1723 1370
1724 1311
1725 1330
1726 1337
1727 1299
1728 1349
1729 1339
1730 1292
1731 1327
1732 1333
1733 1337
1734 1306
1735 1353
1736 1268
1737 1246
1738 1270
1739 1356
1740 1329
1741 1309
1742 1295
1743 1371
1744 1290
1745 1337
1746 1319
1747 1285
1748 1320
1749 1303
1750 1324
1751 1263
1752 1314
1753 1276
1754 1258
1755 1239
1756 1268
1757 1295
1758 1325
1759 1309
1760 1280
1761 1255
1762 1287
1763 1283
1764 1239
1765 1296
1766 1337
1767 1308
1768 1325
1769 1250
1770 1346
1771 1255
1772 1214
1773 1310
1774 1330
1775 1368
1776 1337
1777 1277
1778 1306
1779 1320
1780 1267
1781 1273
1782 1271
1783 1202
1784 1282
1785 1245
1786 1252
1787 1299
1788 1253
1789 1241
1790 1266
1791 1239
1792 1277
1793 1271
1794 1271
1795 1233
1796 1305
1797 1260
1798 1228
1799 1243
1800 1287
1801 1233
1802 1273
1803 1276
1804 1284
1805 1247
1806 1279
1807 1267
1808 1285
1809 1302
1810 1292
1811 1241
1812 1260
1813 1285
1814 1270
1815 1194
1816 1264
1817 1223
1818 1187
1819 1249
1820 1316
1821 1257
1822 1232
1823 1271
1824 1310
1825 1224
1826 1228
1827 1341
1828 1262
1829 1276
1830 1208
1831 1246
1832 1243
1833 1276
1834 1249
1835 1284
1836 1155
1837 1215
1838 1168
1839 1208
1840 1247
1841 1228
1842 1250
1843 1304
1844 1203
1845 1213
1846 1203
1847 1193
1848 1242
1849 1267
1850 1199
1851 1234
1852 1228
1853 1252
1854 1187
1855 1284
1856 1244
1857 1246
1858 1248
1859 1207
1860 1242
1861 1186
1862 1215
1863 1244
1864 1224
1865 1212
1866 1287
1867 1243
1868 1247
1869 1246
1870 1217
1871 1176
1872 1260
1873 1196
1874 1199
1875 1214
1876 1246
1877 1241
1878 1179
1879 1232
1880 1163
1881 1225
1882 1172
1883 1257
1884 1162
1885 1238
1886 1275
1887 1211
1888 1246
1889 1205
1890 1221
1891 1250
1892 1171
1893 1186
1894 1204
1895 1254
1896 1188
1897 1228
1898 1182
1899 1262
1900 1184
1901 1272
1902 1191
1903 1228
1904 1236
1905 1224
1906 1238
1907 1211
1908 1191
1909 1274
1910 1195
1911 1237
1912 1141
1913 1229
1914 1200
1915 1163
1916 1193
1917 1208
1918 1229
1919 1185
1920 1198
1921 1254
1922 1237
1923 1205
1924 1240
1925 1187
1926 1226
1927 1248
1928 1257
1929 1204
1930 1245
1931 1165
1932 1144
1933 1236
1934 1207
1935 1221
1936 1191
1937 1171
1938 1227
1939 1264
1940 1207
1941 1198
1942 1241
1943 1141
1944 1182
1945 1215
1946 1138
1947 1205
1948 1201
1949 1138
1950 1225
1951 1144
1952 1184
1953 1181
1954 1155
1955 1249
1956 1173
1957 1239
1958 1285
1959 1134
1960 1198
1961 1165
1962 1180
1963 1189
1964 1203
1965 1151
1966 1182
1967 1126
1968 1186
1969 1184
1970 1165
1971 1200
1972 1196
1973 1193
1974 1209
1975 1143
1976 1157
1977 1150
1978 1186
1979 1165
1980 1147
1981 1123
1982 1192
1983 1132
1984 1200
1985 1159
1986 1109
1987 1165
1988 1133
1989 1199
1990 1172
1991 1084
1992 1138
1993 1206
1994 1124
1995 1180
1996 1200
1997 1127
1998 1208
1999 1129
2000 1150
2001 1109
2002 1173
2003 1151
2004 1176
2005 1146
2006 1237
2007 1161
2008 1199
2009 1173
2010 1165
2011 1206
2012 1180
2013 1170
2014 1140
2015 1175
2016 1178
2017 1103
2018 1199
2019 1154
2020 1128
2021 1181
2022 1134
2023 1097
2024 1127
2025 1187
2026 1111
2027 1132
2028 1178
2029 1131
2030 1245
2031 1178
2032 1161
2033 1142
2034 1142
2035 1130
2036 1163
2037 1097
2038 1173
2039 1174
2040 1163
2041 1140
2042 1187
2043 1167
2044 1177
2045 1129
2046 1102
2047 1130
2048 1213
2049 1143
2050 1206
2051 1157
2052 1137
2053 1146
2054 1099
2055 1132
2056 1148
2057 1091
2058 1127
2059 1140
2060 1136
2061 1158
2062 1140
2063 1165
2064 1123
2065 1135
2066 1131
2067 1164
2068 1143
2069 1187
2070 1143
2071 1150
2072 1177
2073 1143
2074 1168
2075 1114
2076 1155
2077 1105
2078 1163
2079 1121
2080 1119
2081 1132
2082 1116
2083 1126
2084 1137
2085 1115
2086 1117
2087 1130
2088 1103
2089 1113
2090 1102
2091 1164
2092 1101
2093 1120
2094 1127
2095 1199
2096 1167
2097 1155
2098 1203
2099 1184
2100 1135
2101 1106
2102 1054
2103 1103
2104 1153
2105 1155
2106 1176
2107 1106
2108 1134
2109 1140
2110 1174
2111 1156
2112 1110
2113 1135
2114 1136
2115 1104
2116 1124
2117 1114
2118 1116
2119 1111
2120 1125
2121 1106
2122 1180
2123 1078
2124 1157
2125 1098
2126 1116
2127 1103
2128 1133
2129 1146
2130 1067
2131 1095
2132 1107
2133 1139
2134 1106
2135 1086
2136 1101
2137 1081
2138 1070
2139 1113
2140 1033
2141 1123
2142 1080
2143 1065
2144 1120
2145 1179
2146 1100
2147 1100
2148 1077
2149 1064
2150 1104
2151 1103
2152 1088
2153 1078
2154 1106
2155 1114
2156 1126
2157 1094
2158 1085
2159 1108
2160 1082
2161 1113
2162 1059
2163 1070
2164 1087
2165 1090
2166 1141
2167 1106
2168 1125
2169 1136
2170 1140
2171 1104
2172 1089
2173 1082
2174 1068
2175 1134
2176 1090
2177 1114
2178 1104
2179 1074
2180 1096
2181 1088
2182 1081
2183 1100
2184 1081
2185 1102
2186 1027
2187 1092
2188 1072
2189 1126
2190 1109
2191 1100
2192 1099
2193 1059
2194 1121
2195 1037
2196 1130
2197 1115
2198 1124
2199 1128
2200 1069
2201 1166
2202 1070
2203 1120
2204 1075
2205 1102
2206 1070
2207 1074
2208 1043
2209 1068
2210 1143
2211 1054
2212 1058
2213 1060
2214 1094
2215 1009
2216 1080
2217 1133
2218 1106
2219 1074
2220 1071
2221 1074
2222 1068
2223 1078
2224 1074
2225 1026
2226 1101
2227 1054
2228 1089
2229 996
2230 1092
2231 1119
2232 1083
2233 1113
2234 1040
2235 1104
2236 1050
2237 1072
2238 1065
2239 1063
2240 1048
2241 1094
2242 1061
2243 1033
2244 1067
2245 1096
2246 1068
2247 1064
2248 1010
2249 1108
2250 1112
2251 1068
2252 1100
2253 1089
2254 1068
2255 1022
2256 1093
2257 1096
2258 1090
2259 1046
2260 1073
2261 1039
2262 1015
2263 1059
2264 1119
2265 1047
2266 1082
2267 1063
2268 1064
2269 1025
2270 1034
2271 1048
2272 1032
2273 1061
2274 1085
2275 1041
2276 1094
2277 1085
2278 1022
2279 1068
2280 1092
2281 1081
2282 1017
2283 1019
2284 1098
2285 1088
2286 1002
2287 1023
2288 1002
2289 1033
2290 1078
2291 1051
2292 1052
2293 1012
2294 983
2295 1053
2296 1022
2297 1007
2298 1065
2299 1019
2300 1059
2301 1037
2302 1035
2303 1016
2304 1069
2305 1039
2306 1098
2307 1027
2308 1026
2309 1024
2310 1083
2311 1053
2312 1039
2313 1043
2314 1056
2315 1024
2316 1030
2317 1013
2318 1025
2319 1059
2320 1057
2321 1032
2322 1090
2323 1025
2324 1067
2325 1053
2326 1036
2327 1070
2328 1031
2329 1003
2330 1105
2331 1059
2332 1010
2333 1055
2334 1021
2335 1051
2336 1063
2337 1080
2338 1051
2339 1003
2340 1040
2341 1042
2342 1020
2343 1066
2344 1038
2345 1036
2346 1056
2347 1047
2348 1070
2349 1058
2350 1065
2351 1095
2352 1097
2353 1082
2354 1098
2355 1096
2356 1075
2357 1095
2358 1077
2359 1099
2360 1065
2361 1096
2362 1144
2363 1125
2364 1072
2365 1084
2366 1069
2367 1052
2368 1120
2369 1058
2370 1052
2371 1043
2372 1045
2373 1015
2374 1063
2375 1001
2376 1040
2377 1021
2378 1023
2379 977
2380 1014
2381 1015
2382 982
2383 1065
2384 1086
2385 1077
2386 1020
2387 995
2388 1006
2389 959
2390 1036
2391 1053
2392 1009
2393 1004
2394 1041
2395 1067
2396 1002
2397 1024
2398 1041
2399 1037
2400 1038
2401 1041
2402 1055
2403 989
2404 1039
2405 1060
2406 979
2407 1071
2408 957
2409 1034
2410 1031
2411 981
2412 1079
2413 1051
2414 1031
2415 1018
2416 1002
2417 1049
2418 997
2419 1030
2420 942
2421 1000
2422 985
2423 981
2424 974
2425 1050
2426 1010
2427 1017
2428 998
2429 975
2430 997
2431 1049
2432 1026
2433 982
2434 973
2435 1075
2436 940
2437 952
2438 1004
2439 998
2440 1057
2441 1004
2442 1027
2443 972
2444 1000
2445 981
2446 1000
2447 974
2448 963
2449 1003
2450 948
2451 997
2452 928
2453 970
2454 959
2455 1022
2456 1009
2457 1021
2458 1060
2459 1016
2460 983
2461 974
2462 996
2463 1011
2464 1002
2465 1019
2466 1018
2467 1029
2468 1023
2469 1046
2470 1020
2471 941
2472 994
2473 1000
2474 998
2475 999
2476 1006
2477 969
2478 1020
2479 970
2480 1044
2481 1040
2482 1005
2483 1014
2484 994
2485 1005
2486 1003
2487 960
2488 935
2489 1003
2490 1029
2491 1033
2492 1019
2493 1032
2494 1010
2495 1035
2496 1005
2497 960
2498 896
2499 982
2500 964
2501 1010
2502 996
2503 965
2504 999
2505 910
2506 997
2507 905
2508 1013
2509 976
2510 955
2511 965
2512 996
2513 1035
2514 999
2515 1040
2516 974
2517 978
2518 996
2519 963
2520 990
2521 968
2522 950
2523 979
2524 989
2525 995
2526 981
2527 969
2528 986
2529 959
2530 971
2531 946
2532 922
2533 919
2534 1000
2535 961
2536 963
2537 984
2538 990
2539 1005
2540 904
2541 958
2542 967
2543 967
2544 997
2545 931
2546 1007
2547 989
2548 999
2549 928
2550 1029
2551 957
2552 971
2553 889
2554 982
2555 971
2556 920
2557 971
2558 979
2559 916
2560 942
2561 1006
2562 975
2563 994
2564 907
2565 966
2566 996
2567 984
2568 987
2569 962
2570 957
2571 990
2572 961
2573 959
2574 980
2575 935
2576 1026
2577 971
2578 999
2579 947
2580 953
2581 992
2582 1033
2583 956
2584 914
2585 999
2586 961
2587 976
2588 922
2589 968
2590 921
2591 971
2592 973
2593 942
2594 951
2595 976
2596 1026
2597 979
2598 938
2599 936
2600 974
2601 924
2602 943
2603 966
2604 981
2605 950
2606 923
2607 926
2608 972
2609 963
2610 866
2611 947
2612 987
2613 984
2614 951
2615 1010
2616 938
2617 1028
2618 954
2619 920
2620 949
2621 952
2622 925
2623 951
2624 946
2625 996
2626 956
2627 985
2628 979
2629 942
2630 987
2631 922
2632 927
2633 977
2634 1026
2635 966
2636 932
2637 969
2638 946
2639 982
2640 956
2641 878
2642 958
2643 925
2644 926
2645 939
2646 987
2647 945
2648 923
2649 916
2650 959
2651 944
2652 975
2653 993
2654 956
2655 918
2656 975
2657 990
2658 950
2659 993
2660 994
2661 972
2662 920
2663 944
2664 962
2665 914
2666 997
2667 958
2668 927
2669 921
2670 945
2671 971
2672 960
2673 970
2674 967
2675 997
2676 895
2677 952
2678 932
2679 907
2680 1015
2681 975
2682 963
2683 953
2684 932
2685 958
2686 965
2687 931
2688 907
2689 911
2690 896
2691 970
2692 960
2693 1012
2694 962
2695 902
2696 932
2697 962
2698 949
2699 940
2700 957
2701 943
2702 913
2703 939
2704 943
2705 926
2706 918
2707 955
2708 921
2709 858
2710 951
2711 1002
2712 881
2713 939
2714 960
2715 943
2716 899
2717 941
2718 915
2719 1005
2720 959
2721 932
2722 951
2723 947
2724 941
2725 859
2726 896
2727 896
2728 890
2729 937
2730 960
2731 898
2732 894
2733 912
2734 916
2735 921
2736 991
2737 936
2738 870
2739 989
2740 927
2741 924
2742 912
2743 945
2744 905
2745 835
2746 912
2747 924
2748 913
2749 911
2750 905
2751 949
2752 926
2753 931
2754 933
2755 993
2756 946
2757 929
2758 985
2759 877
2760 892
2761 938
2762 904
2763 930
2764 940
2765 893
2766 899
2767 910
2768 950
2769 938
2770 898
2771 948
2772 894
2773 862
2774 934
2775 938
2776 877
2777 919
2778 929
2779 927
2780 910
2781 886
2782 900
2783 971
2784 962
2785 869
2786 881
2787 886
2788 897
2789 916
2790 881
2791 916
2792 967
2793 892
2794 908
2795 896
2796 931
2797 905
2798 865
2799 917
2800 920
2801 918
2802 962
2803 876
2804 903
2805 928
2806 906
2807 931
2808 876
2809 876
2810 959
2811 935
2812 921
2813 906
2814 942
2815 956
2816 891
2817 961
2818 867
2819 944
2820 915
2821 873
2822 899
2823 939
2824 920
2825 942
2826 900
2827 899
2828 925
2829 931
2830 849
2831 903
2832 918
2833 877
2834 939
2835 837
2836 902
2837 934
2838 851
2839 880
2840 932
2841 849
2842 862
2843 885
2844 870
2845 880
2846 1002
2847 944
2848 875
2849 945
2850 924
2851 884
2852 847
2853 920
2854 927
2855 848
2856 885
2857 882
2858 901
2859 877
2860 916
2861 897
2862 868
2863 904
2864 879
2865 912
2866 960
2867 897
2868 881
2869 876
2870 886
2871 881
2872 927
2873 832
2874 893
2875 873
2876 932
2877 908
2878 849
2879 945
2880 880
2881 893
2882 909
2883 866
2884 880
2885 901
2886 883
2887 898
2888 851
2889 939
2890 895
2891 832
2892 942
2893 932
2894 889
2895 927
2896 850
2897 862
2898 853
2899 867
2900 934
2901 871
2902 849
2903 880
2904 882
2905 985
2906 916
2907 849
2908 873
2909 897
2910 904
2911 871
2912 905
2913 906
2914 908
2915 905
2916 884
2917 887
2918 880
2919 845
2920 826
2921 860
2922 911
2923 877
2924 880
2925 881
2926 891
2927 860
2928 903
2929 871
2930 900
2931 850
2932 858
2933 870
2934 919
2935 847
2936 876
2937 915
2938 917
2939 912
2940 888
2941 884
2942 882
2943 827
2944 889
2945 890
2946 874
2947 819
2948 908
2949 795
2950 880
2951 929
2952 884
2953 898
2954 889
2955 889
2956 888
2957 830
2958 872
2959 933
2960 905
2961 883
2962 911
2963 871
2964 917
2965 874
2966 907
2967 875
2968 893
2969 943
2970 889
2971 880
2972 893
2973 867
2974 870
2975 884
2976 936
2977 942
2978 901
2979 909
2980 835
2981 873
2982 866
2983 864
2984 865
2985 919
2986 858
2987 858
2988 908
2989 888
2990 918
2991 856
2992 877
2993 827
2994 887
2995 889
2996 818
2997 837
2998 891
2999 859
3000 893
3001 926
3002 901
3003 864
3004 844
3005 870
3006 858
3007 841
3008 872
3009 870
3010 886
3011 898
3012 837
3013 861
3014 823
3015 875
3016 891
3017 907
3018 880
3019 837
3020 839
3021 895
3022 915
3023 924
3024 909
3025 879
3026 898
3027 872
3028 865
3029 877
3030 882
3031 875
3032 933
3033 865
3034 849
3035 870
3036 876
3037 890
3038 929
3039 914
3040 906
3041 877
3042 870
3043 857
3044 869
3045 918
3046 922
3047 882
3048 870
3049 886
3050 889
3051 915
3052 896
3053 884
3054 867
3055 888
3056 866
3057 803
3058 914
3059 820
3060 881
3061 851
3062 845
3063 859
3064 842
3065 940
3066 859
3067 828
3068 886
3069 892
3070 885
3071 828
3072 800
3073 921
3074 816
3075 839
3076 846
3077 902
3078 861
3079 880
3080 878
3081 844
3082 876
3083 874
3084 848
3085 904
3086 915
3087 907
3088 879
3089 896
3090 854
3091 842
3092 919
3093 885
3094 831
3095 865
3096 870
3097 921
3098 815
3099 863
3100 852
3101 836
3102 831
3103 881
3104 863
3105 812
3106 830
3107 883
3108 839
3109 898
3110 827
3111 894
3112 848
3113 825
3114 850
3115 854
3116 856
3117 832
3118 874
3119 836
3120 884
3121 814
3122 851
3123 856
3124 839
3125 819
3126 902
3127 927
3128 920
3129 782
3130 871
3131 828
3132 859
3133 893
3134 890
3135 903
3136 838
3137 824
3138 826
3139 885
3140 873
3141 875
3142 828
3143 897
3144 876
3145 846
3146 887
3147 820
3148 846
3149 885
3150 871
3151 897
3152 822
3153 874
3154 890
3155 832
3156 813
3157 875
3158 825
3159 816
3160 866
3161 845
3162 850
3163 818
3164 864
3165 851
3166 844
3167 871
3168 838
3169 856
3170 820
3171 884
3172 805
3173 797
3174 880
3175 908
3176 812
3177 851
3178 820
3179 827
3180 834
3181 841
3182 850
3183 890
3184 843
3185 864
3186 856
3187 844
3188 802
3189 903
3190 844
3191 846
3192 867
3193 855
3194 818
3195 910
3196 894
3197 868
3198 853
3199 858
3200 855
3201 854
3202 808
3203 881
3204 837
3205 862
3206 886
3207 844
3208 791
3209 824
3210 904
3211 829
3212 843
3213 874
3214 835
3215 837
3216 836
3217 835
3218 821
3219 888
3220 802
3221 836
3222 898
3223 902
3224 845
3225 847
3226 831
3227 847
3228 847
3229 868
3230 787
3231 840
3232 804
3233 863
3234 844
3235 843
3236 793
3237 821
3238 822
3239 838
3240 833
3241 838
3242 821
3243 829
3244 797
3245 859
3246 825
3247 780
3248 852
3249 875
3250 852
3251 836
3252 851
3253 793
3254 862
3255 799
3256 858
3257 862
3258 863
3259 843
3260 813
3261 824
3262 840
3263 831
3264 821
3265 884
3266 884
3267 863
3268 806
3269 890
3270 782
3271 792
3272 797
3273 879
3274 832
3275 839
3276 832
3277 829
3278 822
3279 825
3280 853
3281 878
3282 885
3283 804
3284 847
3285 840
3286 851
3287 815
3288 850
3289 821
3290 848
3291 798
3292 838
3293 872
3294 817
3295 858
3296 886
3297 841
3298 847
3299 881
3300 784
3301 811
3302 872
3303 851
3304 803
3305 853
3306 802
3307 806
3308 826
3309 858
3310 835
3311 817
3312 840
3313 811
3314 846
3315 798
3316 832
3317 790
3318 879
3319 853
3320 900
3321 816
3322 836
3323 774
3324 893
3325 842
3326 777
3327 805
3328 837
3329 844
3330 828
3331 834
3332 830
3333 807
3334 855
3335 819
3336 835
3337 797
3338 869
3339 820
3340 833
3341 801
3342 818
3343 805
3344 829
3345 837
3346 783
3347 825
3348 873
3349 800
3350 850
3351 824
3352 852
3353 888
3354 867
3355 829
3356 828
3357 778
3358 820
3359 838
3360 826
3361 858
3362 841
3363 819
3364 834
3365 850
3366 830
3367 836
3368 799
3369 824
3370 836
3371 844
3372 806
3373 783
3374 853
3375 823
3376 847
3377 811
3378 842
3379 795
3380 808
3381 815
3382 857
3383 825
3384 818
3385 826
3386 823
3387 847
3388 876
3389 808
3390 852
3391 799
3392 848
3393 855
3394 801
3395 826
3396 901
3397 826
3398 772
3399 822
3400 858
3401 829
3402 830
3403 854
3404 821
3405 849
3406 855
3407 824
3408 787
3409 805
3410 893
3411 830
3412 862
3413 827
3414 863
3415 821
3416 835
3417 820
3418 841
3419 798
3420 812
3421 779
3422 815
3423 833
3424 785
3425 869
3426 826
3427 809
3428 817
3429 817
3430 816
3431 801
3432 806
3433 830
3434 782
3435 818
3436 814
3437 811
3438 806
3439 811
3440 818
3441 790
3442 820
3443 812
3444 850
3445 831
3446 778
3447 823
3448 796
3449 839
3450 831
3451 869
3452 795
3453 831
3454 896
3455 810
3456 837
3457 850
3458 801
3459 820
3460 801
3461 816
3462 809
3463 817
3464 778
3465 791
3466 776
3467 792
3468 826
3469 799
3470 785
3471 819
3472 809
3473 790
3474 832
3475 839
3476 801
3477 821
3478 798
3479 872
3480 831
3481 860
3482 815
3483 823
3484 881
3485 811
3486 845
3487 811
3488 830
3489 868
3490 837
3491 814
3492 838
3493 833
3494 803
3495 818
3496 812
3497 786
3498 792
3499 792
3500 796
3501 807
3502 826
3503 827
3504 798
3505 837
3506 805
3507 867
3508 828
3509 801
3510 771
3511 830
3512 760
3513 812
3514 813
3515 843
3516 865
3517 826
3518 809
3519 808
3520 801
3521 803
3522 812
3523 804
3524 830
3525 798
3526 818
3527 765
3528 822
3529 862
3530 807
3531 888
3532 791
3533 806
3534 888
3535 895
3536 837
3537 747
3538 788
3539 804
3540 875
3541 805
3542 846
3543 810
3544 815
3545 729
3546 807
3547 791
3548 791
3549 802
3550 842
3551 857
3552 841
3553 804
3554 838
3555 846
3556 817
3557 796
3558 794
3559 807
3560 836
3561 784
3562 873
3563 841
3564 811
3565 788
3566 870
3567 802
3568 798
3569 813
3570 807
3571 780
3572 842
3573 806
3574 776
3575 846
3576 809
3577 800
3578 793
3579 828
3580 773
3581 779
3582 818
3583 774
3584 856
3585 801
3586 789
3587 812
3588 774
3589 787
3590 740
3591 806
3592 793
3593 874
3594 799
3595 782
3596 792
3597 803
3598 816
3599 844
3600 875
3601 781
3602 829
3603 800
3604 806
3605 796
3606 784
3607 811
3608 828
3609 791
3610 796
3611 761
3612 788
3613 829
3614 797
3615 825
3616 823
3617 797
3618 821
3619 795
3620 814
3621 836
3622 811
3623 839
3624 853
3625 822
3626 807
3627 818
3628 777
3629 780
3630 876
3631 793
3632 818
3633 796
3634 797
3635 784
3636 844
3637 830
3638 777
3639 798
3640 785
3641 807
3642 829
3643 808
3644 825
3645 806
3646 835
3647 828
3648 806
3649 784
3650 805
3651 785
3652 783
3653 780
3654 867
3655 819
3656 814
3657 886
3658 849
3659 766
3660 818
3661 849
3662 780
3663 846
3664 799
3665 793
3666 792
3667 792
3668 824
3669 824
3670 855
3671 825
3672 812
3673 856
3674 810
3675 793
3676 843
3677 829
3678 843
3679 781
3680 858
3681 792
3682 786
3683 747
3684 854
3685 790
3686 797
3687 837
3688 884
3689 843
3690 879
3691 819
3692 817
3693 828
3694 793
3695 853
3696 813
3697 837
3698 781
3699 802
3700 810
3701 820
3702 806
3703 787
3704 817
3705 827
3706 804
3707 787
3708 777
3709 847
3710 773
3711 847
3712 796
3713 822
3714 832
3715 802
3716 798
3717 799
3718 854
3719 817
3720 801
3721 788
3722 827
3723 802
3724 836
3725 888
3726 825
3727 865
3728 831
3729 847
3730 796
3731 830
3732 798
3733 816
3734 838
3735 862
3736 790
3737 748
3738 799
3739 840
3740 779
3741 832
3742 797
3743 814
3744 811
3745 791
3746 837
3747 782
3748 768
3749 767
3750 826
3751 803
3752 780
3753 868
3754 782
3755 826
3756 821
3757 851
3758 813
3759 820
3760 848
3761 735
3762 874
3763 842
3764 806
3765 821
3766 859
3767 830
3768 786
3769 776
3770 803
3771 805
3772 820
3773 847
3774 846
3775 757
3776 848
3777 788
3778 841
3779 819
3780 808
3781 887
3782 814
3783 787
3784 860
3785 838
3786 815
3787 820
3788 824
3789 860
3790 819
3791 816
3792 802
3793 811
3794 831
3795 815
3796 837
3797 858
3798 822
3799 865
3800 783
3801 815
3802 852
3803 833
3804 848
3805 795
3806 827
3807 816
3808 828
3809 846
3810 850
3811 816
3812 786
3813 803
3814 884
3815 809
3816 828
3817 855
3818 816
3819 883
3820 860
3821 821
3822 842
3823 830
3824 859
3825 853
3826 862
3827 807
3828 839
3829 804
3830 855
3831 856
3832 824
3833 827
3834 853
3835 839
3836 803
3837 836
3838 832
3839 872
3840 833
3841 814
3842 833
3843 848
3844 816
3845 796
3846 805
3847 816
3848 812
3849 868
3850 894
3851 846
3852 858
3853 815
3854 804
3855 790
3856 884
3857 833
3858 857
3859 848
3860 782
3861 855
3862 839
3863 851
3864 831
3865 919
3866 852
3867 842
3868 801
3869 813
3870 840
3871 803
3872 835
3873 844
3874 837
3875 902
3876 860
3877 837
3878 825
3879 853
3880 817
3881 859
3882 832
3883 821
3884 894
3885 903
3886 841
3887 811
3888 854
3889 915
3890 865
3891 870
3892 823
3893 833
3894 881
3895 842
3896 862
3897 856
3898 861
3899 886
3900 856
3901 839
3902 794
3903 901
3904 888
3905 827
3906 828
3907 902
3908 841
3909 876
3910 816
3911 849
3912 841
3913 849
3914 870
3915 866
3916 881
3917 896
3918 843
3919 912
3920 828
3921 871
3922 842
3923 831
3924 816
3925 863
3926 800
3927 862
3928 795
3929 866
3930 901
3931 864
3932 887
3933 879
3934 845
3935 830
3936 845
3937 891
3938 814
3939 899
3940 818
3941 844
3942 872
3943 847
3944 889
3945 883
3946 942
3947 851
3948 890
3949 888
3950 817
3951 873
3952 885
3953 872
3954 882
3955 889
3956 997
3957 860
3958 849
3959 877
3960 839
3961 886
3962 891
3963 871
3964 868
3965 842
3966 918
3967 888
3968 861
3969 889
3970 890
3971 877
3972 894
3973 874
3974 904
3975 917
3976 902
3977 857
3978 891
3979 836
3980 904
3981 882
3982 920
3983 885
3984 897
3985 861
3986 924
3987 882
3988 916
3989 872
3990 909
3991 868
3992 879
3993 902
3994 870
3995 884
3996 893
3997 881
3998 909
3999 863
4000 824
4001 857
4002 931
4003 915
4004 885
4005 899
4006 910
4007 951
4008 886
4009 832
4010 890
4011 864
4012 885
4013 902
4014 864
4015 878
4016 870
4017 947
4018 866
4019 895
4020 882
4021 927
4022 892
4023 854
4024 880
4025 929
4026 893
4027 851
4028 839
4029 973
4030 942
4031 932
4032 910
4033 940
4034 946
4035 898
4036 871
4037 909
4038 963
4039 919
4040 884
4041 925
4042 985
4043 930
4044 893
4045 932
4046 914
4047 904
4048 969
4049 946
4050 883
4051 905
4052 870
4053 961
4054 907
4055 930
4056 855
4057 945
4058 893
4059 917
4060 915
4061 928
4062 897
4063 951
4064 911
4065 966
4066 917
4067 947
4068 944
4069 924
4070 959
4071 933
4072 911
4073 905
4074 1003
4075 871
4076 966
4077 942
4078 902
4079 939
4080 934
4081 982
4082 943
4083 916
4084 913
4085 950
4086 956
4087 942
4088 951
4089 1051
4090 951
4091 900
4092 973
4093 946
4094 987
4095 888
4096 1007
4097 951
4098 920
4099 1005
4100 950
4101 955
4102 948
4103 911
4104 941
4105 924
4106 913
4107 941
4108 939
4109 947
4110 949
4111 1008
4112 944
4113 945
4114 975
4115 940
4116 951
4117 969
4118 989
4119 962
4120 892
4121 912
4122 950
4123 956
4124 978
4125 971
4126 974
4127 978
4128 1018
4129 972
4130 935
4131 972
4132 988
4133 1010
4134 984
4135 1003
4136 982
4137 1010
4138 986
4139 996
4140 981
4141 990
4142 949
4143 1021
4144 955
4145 958
4146 973
4147 991
4148 982
4149 995
4150 938
4151 968
4152 975
4153 958
4154 1044
4155 1010
4156 948
4157 937
4158 991
4159 1030
4160 1064
4161 1035
4162 1047
4163 988
4164 980
4165 994
4166 1029
4167 1036
4168 1014
4169 1056
4170 994
4171 993
4172 997
4173 1031
4174 1034
4175 954
4176 1056
4177 1005
4178 1037
4179 1021
4180 1017
4181 1046
4182 1018
4183 1028
4184 1098
4185 1046
4186 1039
4187 1009
4188 1026
4189 1019
4190 1124
4191 1008
4192 1037
4193 1078
4194 995
4195 994
4196 1037
4197 967
4198 1040
4199 1034
4200 964
4201 1090
4202 1038
4203 1029
4204 936
4205 1060
4206 1022
4207 1042
4208 1025
4209 1079
4210 1067
4211 1041
4212 1117
4213 1005
4214 1015
4215 1065
4216 1039
4217 1010
4218 1032
4219 1052
4220 1010
4221 1039
4222 1102
4223 1012
4224 1064
4225 1114
4226 1018
4227 1007
4228 1115
4229 1085
4230 1048
4231 1053
4232 1013
4233 1071
4234 1111
4235 1031
4236 1043
4237 1070
4238 1069
4239 1115
4240 1067
4241 1059
4242 1062
4243 1033
4244 1035
4245 1095
4246 1138
4247 1040
4248 1041
4249 1076
4250 1088
4251 1019
4252 1094
4253 1105
4254 1128
4255 1083
4256 1078
4257 1121
4258 1056
4259 1060
4260 1095
4261 1154
4262 1115
4263 1091
4264 1170
4265 1118
4266 1067
4267 1064
4268 1034
4269 1063
4270 1104
4271 1099
4272 1099
4273 1083
4274 1101
4275 1076
4276 1126
4277 1144
4278 1123
4279 1112
4280 1117
4281 1095
4282 1111
4283 1134
4284 1147
4285 1089
4286 1098
4287 1114
4288 1166
4289 1089
4290 1156
4291 1154
4292 1129
4293 1117
4294 1087
4295 1091
4296 1119
4297 1123
4298 1088
4299 1108
4300 1179
4301 1028
4302 1109
4303 1182
4304 1090
4305 1164
4306 1173
4307 1130
4308 1135
4309 1149
4310 1115
4311 1173
4312 1081
4313 1126
4314 1180
4315 1195
4316 1117
4317 1119
4318 1195
4319 1139
4320 1173
4321 1135
4322 1184
4323 1203
4324 1121
4325 1142
4326 1123
4327 1123
4328 1119
4329 1173
4330 1137
4331 1150
4332 1162
4333 1172
4334 1169
4335 1148
4336 1127
4337 1164
4338 1116
4339 1132
4340 1145
4341 1168
4342 1184
4343 1128
4344 1200
4345 1176
4346 1154
4347 1191
4348 1130
4349 1169
4350 1209
4351 1176
4352 1118
4353 1157
4354 1185
4355 1162
4356 1158
4357 1138
4358 1088
4359 1192
4360 1174
4361 1248
4362 1123
4363 1233
4364 1180
4365 1263
4366 1174
4367 1106
4368 1139
4369 1164
4370 1133
4371 1191
4372 1155
4373 1218
4374 1155
4375 1187
4376 1141
4377 1129
4378 1139
4379 1180
4380 1133
4381 1149
4382 1115
4383 1181
4384 1154
4385 1152
4386 1154
4387 1140
4388 1145
4389 1098
4390 1114
4391 1092
4392 1166
4393 1122
4394 1107
4395 1143
4396 1141
4397 1070
4398 1178
4399 1132
4400 1170
4401 1103
4402 1068
4403 1099
4404 1153
4405 1059
4406 1072
4407 1106
4408 1066
4409 1120
4410 1122
4411 1040
4412 1080
4413 1063
4414 1054
4415 1068
4416 1043
4417 1083
4418 1017
4419 1118
4420 1049
4421 966
4422 1036
4423 1059
4424 971
4425 991
4426 1019
4427 948
4428 979
4429 919
4430 959
4431 916
4432 909
4433 979
4434 914
4435 924
4436 923
4437 912
4438 916
4439 853
4440 890
4441 911
4442 884
4443 849
4444 891
4445 878
4446 859
4447 881
4448 835
4449 823
4450 875
4451 824
4452 793
4453 831
4454 837
4455 747
4456 781
4457 819
4458 826
4459 799
4460 746
4461 745
4462 789
4463 829
4464 717
4465 734
4466 783
4467 788
4468 755
4469 705
4470 726
4471 764
4472 742
4473 769
4474 778
4475 750
4476 716
4477 742
4478 740
4479 756
4480 757
4481 747
4482 716
4483 737
4484 741
4485 719
4486 699
4487 702
4488 708
4489 708
4490 725
4491 730
4492 758
4493 674
4494 694
4495 730
4496 728
4497 724
4498 746
4499 692
4500 694
4501 670
4502 667
4503 681
4504 670
4505 734
4506 683
4507 716
4508 675
4509 639
4510 696
4511 721
4512 712
4513 677
4514 699
4515 646
4516 706
4517 725
4518 738
4519 732
4520 660
4521 728
4522 722
4523 643
4524 665
4525 671
4526 680
4527 709
4528 698
4529 670
4530 724
4531 681
4532 673
4533 717
4534 687
4535 656
4536 671
4537 645
4538 685
4539 685
4540 661
4541 692
4542 710
4543 701
4544 672
4545 655
4546 715
4547 705
4548 716
4549 716
4550 682
4551 682
4552 688
4553 678
4554 629
4555 682
4556 672
4557 633
4558 657
4559 687
4560 672
4561 688
4562 719
4563 715
4564 668
4565 674
4566 658
4567 650
4568 723
4569 668
4570 730
4571 661
4572 716
4573 694
4574 645
4575 674
4576 670
4577 702
4578 676
4579 623
4580 633
4581 703
4582 665
4583 718
4584 670
4585 617
4586 636
4587 689
4588 668
4589 712
4590 695
4591 638
4592 655
4593 697
4594 641
4595 705
4596 691
4597 645
4598 670
4599 704
4600 728
4601 693
4602 685
4603 639
4604 658
4605 636
4606 719
4607 685
4608 691
4609 691
4610 697
4611 678
4612 696
4613 751
4614 715
4615 664
4616 627
4617 690
4618 687
4619 674
4620 653
4621 696
4622 702
4623 638
4624 684
4625 649
4626 659
4627 643
4628 673
4629 690
4630 665
4631 641
4632 654
4633 594
4634 680
4635 641
4636 698
4637 703
4638 623
4639 689
4640 647
4641 659
4642 674
4643 660
4644 667
4645 694
4646 654
4647 676
4648 670
4649 694
4650 689
4651 690
4652 650
4653 697
4654 698
4655 669
4656 605
4657 677
4658 643
4659 631
4660 667
4661 650
4662 627
4663 666
4664 683
4665 666
4666 685
4667 658
4668 696
4669 674
4670 679
4671 671
4672 632
4673 666
4674 680
4675 654
4676 678
4677 660
4678 707
4679 641
4680 638
4681 675
4682 655
4683 683
4684 646
4685 682
4686 666
4687 618
4688 610
4689 642
4690 661
4691 645
4692 673
4693 641
4694 710
4695 659
4696 646
4697 622
4698 663
4699 632
4700 615
4701 689
4702 656
4703 658
4704 668
4705 631
4706 655
4707 638
4708 584
4709 625
4710 657
4711 661
4712 691
4713 645
4714 633
4715 626
4716 658
4717 657
4718 661
4719 629
4720 635
4721 604
4722 650
4723 619
4724 648
4725 684
4726 616
4727 628
4728 692
4729 648
4730 687
4731 665
4732 663
4733 674
4734 651
4735 609
4736 630
4737 649
4738 589
4739 641
4740 658
4741 603
4742 674
4743 656
4744 644
4745 630
4746 633
4747 650
4748 656
4749 628
4750 628
4751 642
4752 698
4753 603
4754 631
4755 662
4756 644
4757 649
4758 645
4759 626
4760 614
4761 656
4762 631
4763 650
4764 650
4765 654
4766 634
4767 622
4768 655
4769 627
4770 654
4771 641
4772 652
4773 699
4774 667
4775 598
4776 635
4777 583
4778 667
4779 603
4780 665
4781 622
4782 656
4783 632
4784 654
4785 692
4786 621
4787 695
4788 670
4789 641
4790 673
4791 661
4792 620
4793 658
4794 670
4795 648
4796 653
4797 662
4798 636
4799 693
4800 651
4801 624
4802 607
4803 658
4804 588
4805 620
4806 659
4807 627
4808 653
4809 654
4810 674
4811 626
4812 625
4813 638
4814 644
4815 624
4816 620
4817 636
4818 659
4819 623
4820 675
4821 620
4822 622
4823 661
4824 649
4825 624
4826 616
4827 680
4828 626
4829 665
4830 648
4831 600
4832 659
4833 659
4834 652
4835 630
4836 631
4837 627
4838 633
4839 654
4840 630
4841 653
4842 648
4843 664
4844 630
4845 591
4846 654
4847 640
4848 637
4849 608
4850 697
4851 628
4852 676
4853 663
4854 662
4855 706
4856 606
4857 651
4858 696
4859 638
4860 687
4861 643
4862 694
4863 670
4864 640
4865 639
4866 630
4867 694
4868 610
4869 667
4870 699
4871 653
4872 623
4873 654
4874 586
4875 657
4876 651
4877 626
4878 652
4879 649
4880 659
4881 648
4882 677
4883 645
4884 659
4885 693
4886 747
4887 637
4888 671
4889 676
4890 646
4891 642
4892 641
4893 697
4894 693
4895 677
4896 632
4897 653
4898 666
4899 639
4900 682
4901 670
4902 643
4903 665
4904 643
4905 690
4906 689
4907 662
4908 638
4909 653
4910 695
4911 675
4912 654
4913 694
4914 677
4915 654
4916 667
4917 690
4918 625
4919 661
4920 687
4921 632
4922 649
4923 667
4924 669
4925 651
4926 664
4927 667
4928 724
4929 676
4930 667
4931 678
4932 644
4933 673
4934 682
4935 675
4936 658
4937 705
4938 708
4939 687
4940 694
4941 646
4942 660
4943 678
4944 670
4945 677
4946 687
4947 711
4948 644
4949 700
4950 687
4951 712
4952 719
4953 725
4954 691
4955 708
4956 673
4957 703
4958 670
4959 657
4960 696
4961 750
4962 652
4963 706
4964 713
4965 663
4966 684
4967 670
4968 686
4969 669
4970 689
4971 670
4972 668
4973 680
4974 727
4975 751
4976 701
4977 698
4978 728
4979 696
4980 672
4981 699
4982 759
4983 724
4984 678
4985 642
4986 731
4987 681
4988 654
4989 699
4990 706
4991 704
4992 712
4993 702
4994 696
4995 705
4996 700
4997 710
4998 707
4999 704
5000 717
5001 744
5002 751
5003 684
5004 703
5005 707
5006 687
5007 734
5008 751
5009 668
5010 730
5011 730
5012 724
5013 666
5014 750
5015 685
5016 736
5017 741
5018 722
5019 684
5020 728
5021 704
5022 730
5023 716
5024 752
5025 727
5026 739
5027 725
5028 688
5029 739
5030 769
5031 703
5032 715
5033 696
5034 702
5035 655
5036 722
5037 737
5038 699
5039 765
5040 690
5041 750
5042 717
5043 768
5044 723
5045 749
5046 721
5047 742
5048 716
5049 744
5050 718
5051 750
5052 714
5053 717
5054 756
5055 758
5056 739
5057 730
5058 743
5059 763
5060 701
5061 698
5062 720
5063 736
5064 689
5065 739
5066 685
5067 711
5068 780
5069 707
5070 742
5071 704
5072 709
5073 769
5074 688
5075 682
5076 675
5077 720
5078 724
5079 714
5080 690
5081 728
5082 682
5083 697
5084 705
5085 704
5086 687
5087 764
5088 697
5089 746
5090 674
5091 685
5092 650
5093 656
5094 700
5095 695
5096 699
5097 709
5098 673
5099 659
5100 680
5101 689
5102 677
5103 651
5104 688
5105 696
5106 651
5107 674
5108 663
5109 675
5110 679
5111 675
5112 672
5113 644
5114 600
5115 631
5116 624
5117 659
5118 637
5119 676
5120 590
5121 628
5122 564
5123 566
5124 576
5125 593
5126 562
5127 565
5128 567
5129 601
5130 548
5131 535
5132 566
5133 549
5134 508
5135 523
5136 474
5137 509
5138 467
5139 543
5140 513
5141 490
5142 485
5143 493
5144 512
5145 482
5146 469
5147 448
5148 470
5149 471
5150 457
5151 378
5152 417
5153 400
5154 431
5155 439
5156 419
5157 419
5158 390
5159 380
5160 370
5161 409
5162 348
5163 345
5164 416
5165 368
5166 386
5167 329
5168 359
5169 354
5170 361
5171 329
5172 363
5173 391
5174 355
5175 386
5176 341
5177 333
5178 376
5179 314
5180 348
5181 330
5182 359
5183 346
5184 335
5185 325
5186 336
5187 331
5188 345
5189 311
5190 344
5191 346
5192 343
5193 341
5194 308
5195 316
5196 347
5197 285
5198 323
5199 340
5200 345
5201 340
5202 299
5203 360
5204 325
5205 309
5206 312
5207 302
5208 282
5209 314
5210 301
5211 317
5212 299
5213 310
5214 282
5215 310
5216 306
5217 293
5218 306
5219 270
5220 259
5221 304
5222 319
5223 282
5224 336
5225 273
5226 303
5227 287
5228 320
5229 306
5230 292
5231 293
5232 283
5233 269
5234 261
5235 293
5236 319
5237 297
5238 296
5239 312
5240 284
5241 310
5242 301
5243 304
5244 301
5245 291
5246 286
5247 276
5248 294
5249 268
5250 268
5251 291
5252 281
5253 301
5254 304
5255 289
5256 263
5257 273
5258 300
5259 303
5260 280
5261 287
5262 261
5263 280
5264 261
5265 276
5266 277
5267 291
5268 273
5269 288
5270 307
5271 280
5272 268
5273 305
5274 232
5275 304
5276 289
5277 276
5278 270
5279 259
5280 292
5281 287
5282 276
5283 293
5284 268
5285 278
5286 316
5287 294
5288 267
5289 287
5290 322
5291 318
5292 305
5293 279
5294 298
5295 313
5296 295
5297 318
5298 279
5299 267
5300 325
5301 358
5302 284
5303 318
5304 321
5305 352
5306 341
5307 311
5308 354
5309 349
5310 346
5311 355
5312 355
5313 354
5314 411
5315 390
5316 405
5317 426
5318 468
5319 443
5320 499
5321 526
5322 563
5323 575
5324 643
5325 638
5326 675
5327 669
5328 750
5329 805
5330 814
5331 836
5332 867
5333 875
5334 942
5335 851
5336 916
5337 886
5338 941
5339 976
5340 974
5341 948
5342 939
5343 984
5344 989
5345 1021
5346 1007
5347 1043
5348 1065
5349 1028
5350 1083
5351 1131
5352 1106
5353 1154
5354 1109
5355 1152
5356 1157
5357 1260
5358 1226
5359 1335
5360 1333
5361 1346
5362 1469
5363 1410
5364 1497
5365 1514
5366 1640
5367 1596
5368 1547
5369 1645
5370 1725
5371 1743
5372 1791
5373 1760
5374 1780
5375 1902
5376 1941
5377 1960
5378 1994
5379 2052
5380 2037
5381 2103
5382 2109
5383 2130
5384 2175
5385 2256
5386 2233
5387 2197
5388 2234
5389 2262
5390 2236
5391 2205
5392 2208
5393 2176
5394 2185
5395 2194
5396 2020
5397 2085
5398 2017
5399 1953
5400 1809
5401 1769
5402 1597
5403 1465
5404 1373
5405 1178
5406 1070
5407 954
5408 810
5409 697
5410 642
5411 490
5412 404
5413 292
5414 346
5415 216
5416 251
5417 186
5418 214
5419 188
5420 172
5421 150
5422 176
5423 161
5424 172
5425 157
5426 159
5427 148
5428 147
5429 178
5430 157
5431 137
5432 158
5433 180
5434 131
5435 158
5436 177
5437 157
5438 160
5439 194
5440 127
5441 150
5442 132
5443 143
5444 140
5445 131
5446 145
5447 144
5448 146
5449 150
5450 146
5451 125
5452 148
5453 137
5454 122
5455 138
5456 147
5457 137
5458 123
5459 123
5460 129
5461 153
5462 138
5463 132
5464 128
5465 133
5466 143
5467 118
5468 138
5469 148
5470 140
5471 133
5472 130
5473 141
5474 123
5475 129
5476 110
5477 121
5478 119
5479 115
5480 138
5481 128
5482 116
5483 122
5484 133
5485 129
5486 121
5487 121
5488 119
5489 115
5490 119
5491 125
5492 123
5493 110
5494 110
5495 116
5496 117
5497 132
5498 102
5499 123
5500 125
5501 122
5502 102
5503 138
5504 112
5505 120
5506 108
5507 109
5508 98
5509 111
5510 102
5511 107
5512 122
5513 93
5514 96
5515 108
5516 83
5517 118
5518 113
5519 107
5520 101
5521 85
5522 99
5523 114
5524 92
5525 93
5526 75
5527 98
5528 90
5529 102
5530 92
5531 93
5532 91
5533 107
5534 91
5535 105
5536 80
5537 100
5538 65
5539 102
5540 101
5541 96
5542 94
5543 107
5544 98
5545 107
5546 94
5547 98
5548 92
5549 102
5550 95
5551 89
5552 81
5553 78
5554 84
5555 88
5556 91
5557 72
5558 61
5559 81
5560 75
5561 102
5562 110
5563 84
5564 82
5565 68
5566 92
5567 82
5568 82
5569 88
5570 76
5571 69
5572 81
5573 73
5574 83
5575 95
5576 79
5577 70
5578 72
5579 61
5580 82
5581 85
5582 114
5583 69
5584 72
5585 65
5586 89
5587 69
5588 83
5589 88
5590 79
5591 69
5592 82
5593 70
5594 57
5595 72
5596 76
5597 77
5598 77
5599 58
5600 74
5601 78
5602 69
5603 77
5604 68
5605 59
5606 66
5607 56
5608 74
5609 75
5610 65
5611 69
5612 67
5613 64
5614 67
5615 61
5616 55
5617 60
5618 57
5619 51
5620 62
5621 79
5622 76
5623 80
5624 66
5625 69
5626 70
5627 67
5628 69
5629 62
5630 57
5631 94
5632 46
5633 56
5634 56
5635 63
5636 70
5637 60
5638 66
5639 63
5640 54
5641 48
5642 70
5643 55
5644 49
5645 61
5646 61
5647 55
5648 51
5649 68
5650 54
5651 45
5652 51
5653 68
5654 55
5655 56
5656 56
5657 58
5658 62
5659 56
5660 56
5661 53
5662 46
5663 52
5664 55
5665 66
5666 62
5667 58
5668 68
5669 60
5670 48
5671 60
5672 58
5673 42
5674 54
5675 43
5676 38
5677 58
5678 56
5679 62
5680 41
5681 37
5682 58
5683 51
5684 47
5685 53
5686 45
5687 36
5688 48
5689 49
5690 55
5691 32
5692 43
5693 43
5694 41
5695 44
5696 51
5697 40
5698 51
5699 58
5700 46
5701 45
5702 56
5703 37
5704 40
5705 41
5706 44
5707 44
5708 46
5709 43
5710 48
5711 44
5712 38
5713 39
5714 41
5715 45
5716 36
5717 44
5718 68
5719 28
5720 46
5721 49
5722 43
5723 36
5724 39
5725 45
5726 53
5727 47
5728 43
5729 49
5730 37
5731 44
5732 32
5733 36
5734 47
5735 49
5736 44
5737 48
5738 49
5739 39
5740 43
5741 42
5742 37
5743 40
5744 46
5745 50
5746 40
5747 36
5748 32
5749 34
5750 45
5751 51
5752 48
5753 39
5754 36
5755 38
5756 49
5757 52
5758 42
5759 47
5760 42
5761 32
5762 34
5763 40
5764 28
5765 41
5766 35
5767 36
5768 34
5769 52
5770 28
5771 42
5772 40
5773 42
5774 38
5775 40
5776 30
5777 38
5778 36
5779 36
5780 30
5781 41
5782 41
5783 37
5784 40
5785 25
5786 51
5787 37
5788 37
5789 38
5790 25
5791 38
5792 35
5793 44
5794 39
5795 37
5796 47
5797 55
5798 36
5799 35
5800 41
5801 39
5802 40
5803 41
5804 40
5805 36
5806 41
5807 44
5808 46
5809 37
5810 41
5811 39
5812 29
5813 44
5814 44
5815 52
5816 35
5817 39
5818 44
5819 53
5820 42
5821 46
5822 41
5823 38
5824 39
5825 39
5826 40
5827 40
5828 48
5829 39
5830 37
5831 40
5832 32
5833 44
5834 33
5835 32
5836 27
5837 29
5838 33
5839 21
5840 43
5841 27
5842 50
5843 38
5844 37
5845 48
5846 42
5847 38
5848 42
5849 51
5850 43
5851 48
5852 42
5853 39
5854 46
5855 35
5856 29
5857 34
5858 31
5859 30
5860 36
5861 33
5862 36
5863 33
5864 41
5865 31
5866 39
5867 41
5868 35
5869 32
5870 37
5871 33
5872 35
5873 29
5874 44
5875 45
5876 32
5877 41
5878 39
5879 37
5880 48
5881 53
5882 34
5883 40
5884 49
5885 43
5886 40
5887 36
5888 37
5889 38
5890 39
5891 42
5892 37
5893 42
5894 42
5895 38
5896 44
5897 33
5898 44
5899 29
5900 41
5901 29
5902 35
5903 35
5904 28
5905 34
5906 34
5907 47
5908 33
5909 43
5910 34
5911 43
5912 61
5913 33
5914 38
5915 43
5916 31
5917 44
5918 47
5919 35
5920 52
5921 37
5922 28
5923 39
5924 47
5925 38
5926 34
5927 39
5928 40
5929 38
5930 35
5931 32
5932 40
5933 33
5934 37
5935 38
5936 26
5937 42
5938 42
5939 33
5940 34
5941 43
5942 39
5943 38
5944 34
5945 32
5946 39
5947 31
5948 37
5949 29
5950 37
5951 35
5952 43
5953 36
5954 38
5955 33
5956 37
5957 38
5958 36
5959 44
5960 34
5961 39
5962 36
5963 36
5964 39
5965 38
5966 40
5967 39
5968 37
5969 37
5970 41
5971 48
5972 27
5973 41
5974 45
5975 42
5976 55
5977 37
5978 45
5979 32
5980 38
5981 53
5982 52
5983 44
5984 41
5985 31
5986 42
5987 52
5988 44
5989 43
5990 43
5991 57
5992 53
5993 41
5994 45
5995 61
5996 48
5997 51
5998 58
5999 72
6000 51
6001 63
6002 69
6003 61
6004 68
6005 69
6006 67
6007 75
6008 78
6009 79
6010 62
6011 96
6012 85
6013 65
6014 77
6015 100
6016 119
6017 94
6018 108
6019 131
6020 110
6021 130
6022 149
6023 150
6024 157
6025 175
6026 193
6027 181
6028 230
6029 224
6030 280
6031 256
6032 284
6033 317
6034 356
6035 364
6036 380
6037 390
6038 467
6039 403
6040 462
6041 465
6042 542
6043 521
6044 490
6045 556
6046 592
6047 520
6048 570
6049 594
6050 587
6051 572
6052 605
6053 621
6054 595
6055 620
6056 616
6057 651
6058 637
6059 612
6060 663
6061 642
6062 668
6063 674
6064 652
6065 703
6066 735
6067 792
6068 748
6069 810
6070 829
6071 820
6072 876
6073 903
6074 913
6075 983
6076 946
6077 1039
6078 1044
6079 1088
6080 1111
6081 1134
6082 1153
6083 1120
6084 1148
6085 1252
6086 1308
6087 1345
6088 1289
6089 1376
6090 1335
6091 1409
6092 1358
6093 1425
6094 1461
6095 1495
6096 1476
6097 1474
6098 1527
6099 1598
6100 1620
6101 1607
6102 1553
6103 1593
6104 1634
6105 1683
6106 1616
6107 1560
6108 1601
6109 1622
6110 1552
6111 1571
6112 1522
6113 1530
6114 1507
6115 1463
6116 1345
6117 1288
6118 1197
6119 1050
6120 1034
6121 865
6122 795
6123 675
6124 559
6125 442
6126 398
6127 334
6128 238
6129 195
6130 133
6131 94
6132 60
6133 49
6134 29
6135 22
6136 17
6137 7
6138 10
6139 7
6140 5
6141 4
6142 1
6143 0
6144 2
6145 2
6146 0
6147 3
6148 0
6149 0
6150 1
6151 3
6152 0
6153 0
6154 3
6155 3
6156 1
6157 3
6158 0
6159 1
6160 1
6161 2
6162 3
6163 1
6164 0
6165 1
6166 1
6167 1
6168 1
6169 4
6170 0
6171 1
6172 1
6173 3
6174 3
6175 3
6176 0
6177 2
6178 2
6179 0
6180 1
6181 1
6182 1
6183 2
6184 2
6185 1
6186 0
6187 5
6188 0
6189 2
6190 1
6191 1
6192 1
6193 4
6194 0
6195 1
6196 0
6197 0
6198 0
6199 2
6200 3
6201 1
6202 0
6203 1
6204 1
6205 0
6206 1
6207 0
6208 2
6209 1
6210 0
6211 1
6212 1
6213 2
6214 1
6215 1
6216 1
6217 0
6218 0
6219 0
6220 1
6221 2
6222 3
6223 3
6224 1
6225 1
6226 5
6227 1
6228 0
6229 4
6230 0
6231 2
6232 2
6233 1
6234 0
6235 0
6236 1
6237 1
6238 0
6239 1
6240 2
6241 1
6242 1
6243 2
6244 0
6245 0
6246 2
6247 3
6248 0
6249 1
6250 0
6251 2
6252 2
6253 0
6254 0
6255 3
6256 1
6257 0
6258 0
6259 2
6260 1
6261 1
6262 2
6263 1
6264 3
6265 0
6266 0
6267 2
6268 0
6269 0
6270 0
6271 1
6272 0
6273 1
6274 0
6275 1
6276 2
6277 1
6278 4
6279 0
6280 0
6281 0
6282 1
6283 1
6284 0
6285 0
6286 1
6287 0
6288 1
6289 1
6290 1
6291 0
6292 2
6293 0
6294 0
6295 1
6296 3
6297 0
6298 0
6299 0
6300 2
6301 0
6302 0
6303 2
6304 0
6305 1
6306 0
6307 0
6308 1
6309 1
6310 0
6311 0
6312 1
6313 0
6314 0
6315 0
6316 1
6317 0
6318 0
6319 0
6320 1
6321 0
6322 0
6323 0
6324 0
6325 0
6326 0
6327 0
6328 0
6329 0
6330 0
6331 0
6332 0
6333 1
6334 1
6335 0
6336 0
6337 0
6338 0
6339 0
6340 0
6341 0
6342 0
6343 1
6344 2
6345 0
6346 0
6347 0
6348 0
6349 1
6350 0
6351 0
6352 0
6353 0
6354 0
6355 0
6356 0
6357 0
6358 0
6359 2
6360 1
6361 0
6362 1
6363 0
6364 0
6365 0
6366 0
6367 0
6368 0
6369 1
6370 0
6371 1
6372 0
6373 2
6374 1
6375 0
6376 0
6377 0
6378 0
6379 0
6380 0
6381 0
6382 0
6383 0
6384 1
6385 0
6386 0
6387 0
6388 1
6389 1
6390 0
6391 0
6392 0
6393 0
6394 1
6395 0
6396 0
6397 1
6398 0
6399 1
6400 0
6401 0
6402 1
6403 0
6404 0
6405 1
6406 0
6407 0
6408 0
6409 0
6410 0
6411 0
6412 0
6413 0
6414 1
6415 0
6416 0
6417 0
6418 0
6419 0
6420 1
6421 0
6422 0
6423 0
6424 0
6425 1
6426 0
6427 0
6428 0
6429 0
6430 0
6431 0
6432 0
6433 1
6434 1
6435 0
6436 0
6437 0
6438 1
6439 0
6440 1
6441 0
6442 0
6443 1
6444 0
6445 0
6446 0
6447 0
6448 0
6449 0
6450 0
6451 1
6452 0
6453 0
6454 0
6455 0
6456 0
6457 0
6458 0
6459 0
6460 1
6461 0
6462 0
6463 0
6464 0
6465 0
6466 0
6467 1
6468 0
6469 1
6470 1
6471 1
6472 0
6473 0
6474 0
6475 0
6476 0
6477 0
6478 0
6479 0
6480 1
6481 1
6482 1
6483 0
6484 0
6485 1
6486 0
6487 0
6488 0
6489 0
6490 0
6491 1
6492 2
6493 0
6494 0
6495 0
6496 0
6497 0
6498 0
6499 0
6500 0
6501 0
6502 2
6503 0
6504 0
6505 0
6506 1
6507 0
6508 0
6509 0
6510 0
6511 0
6512 0
6513 0
6514 1
6515 0
6516 0
6517 1
6518 0
6519 1
6520 0
6521 0
6522 0
6523 1
6524 0
6525 0
6526 0
6527 0
6528 1
6529 0
6530 0
6531 0
6532 0
6533 0
6534 0
6535 0
6536 0
6537 0
6538 0
6539 0
6540 1
6541 0
6542 0
6543 1
6544 0
6545 0
6546 0
6547 0
6548 0
6549 0
6550 0
6551 0
6552 0
6553 0
6554 1
6555 0
6556 0
6557 0
6558 0
6559 0
6560 0
6561 0
6562 0
6563 0
6564 0
6565 0
6566 0
6567 0
6568 1
6569 0
6570 1
6571 1
6572 0
6573 0
6574 0
6575 0
6576 0
6577 1
6578 0
6579 0
6580 0
6581 1
6582 0
6583 0
6584 0
6585 0
6586 0
6587 0
6588 0
6589 0
6590 0
6591 0
6592 0
6593 0
6594 0
6595 1
6596 0
6597 0
6598 0
6599 0
6600 0
6601 0
6602 0
6603 0
6604 0
6605 1
6606 0
6607 0
6608 0
6609 0
6610 0
6611 0
6612 0
6613 0
6614 0
6615 0
6616 0
6617 0
6618 0
6619 0
6620 1
6621 0
6622 0
6623 0
6624 0
6625 0
6626 1
6627 0
6628 0
6629 0
6630 1
6631 0
6632 0
6633 0
6634 0
6635 0
6636 0
6637 0
6638 0
6639 0
6640 0
6641 0
6642 0
6643 0
6644 0
6645 0
6646 0
6647 0
6648 1
6649 0
6650 0
6651 0
6652 0
6653 0
6654 0
6655 0
6656 0
6657 0
6658 0
6659 0
6660 2
6661 0
6662 0
6663 0
6664 0
6665 0
6666 0
6667 0
6668 1
6669 0
6670 0
6671 0
6672 0
6673 0
6674 0
6675 0
6676 0
6677 0
6678 0
6679 1
6680 0
6681 0
6682 0
6683 0
6684 1
6685 0
6686 0
6687 0
6688 0
6689 0
6690 0
6691 0
6692 0
6693 1
6694 0
6695 0
6696 0
6697 0
6698 0
6699 0
6700 0
6701 0
6702 0
6703 0
6704 0
6705 0
6706 0
6707 0
6708 0
6709 0
6710 0
6711 0
6712 0
6713 0
6714 0
6715 0
6716 0
6717 0
6718 0
6719 0
6720 0
6721 0
6722 0
6723 0
6724 0
6725 0
6726 0
6727 0
6728 0
6729 0
6730 0
6731 0
6732 0
6733 0
6734 0
6735 0
6736 0
6737 0
6738 0
6739 0
6740 0
6741 0
6742 0
6743 1
6744 0
6745 0
6746 0
6747 0
6748 0
6749 0
6750 0
6751 0
6752 0
6753 0
6754 0
6755 1
6756 0
6757 0
6758 0
6759 0
6760 0
6761 0
6762 0
6763 0
6764 0
6765 0
6766 0
6767 0
6768 0
6769 0
6770 0
6771 0
6772 0
6773 0
6774 0
6775 0
6776 0
6777 0
6778 0
6779 0
6780 1
6781 0
6782 0
6783 0
6784 0
6785 0
6786 0
6787 0
6788 0
6789 0
6790 0
6791 0
6792 0
6793 0
6794 1
6795 0
6796 0
6797 0
6798 0
6799 0
6800 0
6801 0
6802 0
6803 0
6804 0
6805 0
6806 0
6807 0
6808 1
6809 0
6810 0
6811 0
6812 0
6813 0
6814 0
6815 0
6816 0
6817 0
6818 0
6819 0
6820 0
6821 0
6822 0
6823 0
6824 0
6825 0
6826 0
6827 0
6828 0
6829 0
6830 0
6831 0
6832 0
6833 0
6834 0
6835 0
6836 0
6837 0
6838 0
6839 0
6840 0
6841 0
6842 0
6843 0
6844 0
6845 0
6846 0
6847 0
6848 0
6849 0
6850 0
6851 0
6852 0
6853 0
6854 0
6855 0
6856 0
6857 0
6858 0
6859 0
6860 0
6861 0
6862 1
6863 0
6864 0
6865 0
6866 0
6867 0
6868 0
6869 0
6870 0
6871 0
6872 0
6873 0
6874 0
6875 0
6876 0
6877 0
6878 0
6879 0
6880 0
6881 0
6882 0
6883 0
6884 0
6885 0
6886 0
6887 0
6888 0
6889 0
6890 0
6891 0
6892 0
6893 0
6894 0
6895 0
6896 0
6897 0
6898 0
6899 0
6900 0
6901 0
6902 0
6903 0
6904 0
6905 1
6906 0
6907 0
6908 0
6909 0
6910 0
6911 0
6912 0
6913 0
6914 0
6915 0
6916 0
6917 0
6918 0
6919 0
6920 0
6921 0
6922 0
6923 0
6924 0
6925 1
6926 0
6927 0
6928 0
6929 0
6930 0
6931 0
6932 0
6933 0
6934 0
6935 0
6936 0
6937 0
6938 0
6939 0
6940 0
6941 0
6942 0
6943 0
6944 0
6945 0
6946 0
6947 0
6948 0
6949 0
6950 0
6951 0
6952 0
6953 0
6954 0
6955 0
6956 0
6957 1
6958 0
6959 0
6960 0
6961 0
6962 0
6963 0
6964 0
6965 0
6966 0
6967 0
6968 0
6969 0
6970 0
6971 0
6972 0
6973 0
6974 0
6975 0
6976 0
6977 0
6978 0
6979 0
6980 0
6981 0
6982 0
6983 0
6984 0
6985 0
6986 0
6987 0
6988 0
6989 0
6990 0
6991 0
6992 0
6993 0
6994 0
6995 0
6996 0
6997 0
6998 0
6999 0
7000 0
7001 0
7002 0
7003 0
7004 0
7005 0
7006 0
7007 0
7008 0
7009 0
7010 0
7011 0
7012 0
7013 0
7014 0
7015 0
7016 0
7017 0
7018 0
7019 0
7020 0
7021 0
7022 0
7023 0
7024 0
7025 0
7026 0
7027 0
7028 0
7029 0
7030 0
7031 0
7032 0
7033 0
7034 0
7035 0
7036 0
7037 0
7038 1
7039 0
7040 0
7041 0
7042 0
7043 0
7044 0
7045 0
7046 0
7047 1
7048 0
7049 0
7050 0
7051 0
7052 0
7053 0
7054 0
7055 0
7056 0
7057 0
7058 0
7059 0
7060 0
7061 0
7062 0
7063 0
7064 0
7065 0
7066 0
7067 0
7068 0
7069 0
7070 0
7071 0
7072 0
7073 0
7074 0
7075 0
7076 0
7077 0
7078 0
7079 0
7080 0
7081 0
7082 0
7083 0
7084 0
7085 0
7086 0
7087 0
7088 0
7089 0
7090 0
7091 0
7092 0
7093 0
7094 0
7095 0
7096 0
7097 0
7098 0
7099 0
7100 0
7101 0
7102 0
7103 0
7104 0
7105 0
7106 0
7107 0
7108 0
7109 0
7110 0
7111 0
7112 0
7113 0
7114 0
7115 0
7116 0
7117 0
7118 0
7119 0
7120 0
7121 0
7122 0
7123 0
7124 0
7125 0
7126 0
7127 0
7128 0
7129 0
7130 0
7131 0
7132 0
7133 0
7134 0
7135 0
7136 0
7137 0
7138 0
7139 0
7140 0
7141 0
7142 0
7143 0
7144 0
7145 0
7146 0
7147 0
7148 0
7149 0
7150 0
7151 0
7152 0
7153 0
7154 0
7155 0
7156 0
7157 0
7158 0
7159 0
7160 0
7161 0
7162 0
7163 0
7164 0
7165 0
7166 0
7167 0
7168 0
7169 0
7170 0
7171 0
7172 0
7173 0
7174 0
7175 0
7176 0
7177 0
7178 0
7179 0
7180 0
7181 0
7182 0
7183 0
7184 0
7185 0
7186 0
7187 0
7188 0
7189 0
7190 0
7191 0
7192 0
7193 0
7194 0
7195 0
7196 0
7197 0
7198 0
7199 0
7200 0
7201 0
7202 0
7203 0
7204 0
7205 0
7206 0
7207 0
7208 0
7209 0
7210 0
7211 0
7212 0
7213 0
7214 0
7215 0
7216 0
7217 0
7218 0
7219 0
7220 0
7221 0
7222 0
7223 0
7224 0
7225 0
7226 0
7227 0
7228 0
7229 0
7230 0
7231 0
7232 0
7233 0
7234 0
7235 0
7236 0
7237 0
7238 0
7239 0
7240 0
7241 0
7242 0
7243 0
7244 0
7245 0
7246 0
7247 0
7248 0
7249 0
7250 0
7251 0
7252 0
7253 0
7254 0
7255 0
7256 0
7257 0
7258 0
7259 0
7260 0
7261 0
7262 0
7263 0
7264 0
7265 0
7266 0
7267 0
7268 0
7269 0
7270 0
7271 0
7272 0
7273 0
7274 0
7275 0
7276 0
7277 0
7278 0
7279 0
7280 0
7281 0
7282 0
7283 0
7284 0
7285 0
7286 0
7287 0
7288 0
7289 0
7290 0
7291 0
7292 0
7293 0
7294 0
7295 0
7296 0
7297 0
7298 0
7299 0
7300 0
7301 0
7302 0
7303 0
7304 0
7305 0
7306 0
7307 0
7308 0
7309 0
7310 0
7311 0
7312 0
7313 0
7314 0
7315 0
7316 0
7317 0
7318 0
7319 0
7320 0
7321 0
7322 0
7323 0
7324 0
7325 0
7326 0
7327 0
7328 0
7329 0
7330 0
7331 0
7332 0
7333 0
7334 0
7335 0
7336 0
7337 0
7338 0
7339 0
7340 0
7341 0
7342 0
7343 0
7344 0
7345 0
7346 0
7347 0
7348 0
7349 0
7350 0
7351 0
7352 0
7353 0
7354 0
7355 0
7356 0
7357 0
7358 0
7359 0
7360 0
7361 0
7362 0
7363 0
7364 0
7365 0
7366 0
7367 0
7368 0
7369 0
7370 0
7371 0
7372 0
7373 0
7374 0
7375 0
7376 0
7377 0
7378 0
7379 0
7380 0
7381 0
7382 0
7383 0
7384 0
7385 0
7386 0
7387 0
7388 0
7389 0
7390 0
7391 0
7392 0
7393 0
7394 0
7395 0
7396 0
7397 0
7398 0
7399 0
7400 0
7401 0
7402 0
7403 0
7404 0
7405 0
7406 0
7407 0
7408 0
7409 0
7410 0
7411 0
7412 0
7413 0
7414 0
7415 0
7416 0
7417 0
7418 0
7419 0
7420 0
7421 0
7422 0
7423 0
7424 0
7425 0
7426 0
7427 0
7428 0
7429 0
7430 0
7431 0
7432 0
7433 0
7434 0
7435 0
7436 0
7437 0
7438 0
7439 0
7440 0
7441 0
7442 0
7443 0
7444 0
7445 0
7446 0
7447 0
7448 0
7449 0
7450 0
7451 0
7452 0
7453 0
7454 0
7455 0
7456 0
7457 0
7458 0
7459 0
7460 0
7461 0
7462 0
7463 0
7464 0
7465 0
7466 0
7467 0
7468 0
7469 0
7470 0
7471 0
7472 0
7473 0
7474 0
7475 0
7476 0
7477 0
7478 0
7479 0
7480 0
7481 0
7482 0
7483 0
7484 0
7485 0
7486 0
7487 0
7488 0
7489 0
7490 0
7491 0
7492 0
7493 0
7494 0
7495 0
7496 0
7497 0
7498 0
7499 0
7500 0
7501 0
7502 0
7503 0
7504 0
7505 0
7506 0
7507 0
7508 0
7509 0
7510 0
7511 0
7512 0
7513 0
7514 0
7515 0
7516 0
7517 0
7518 0
7519 0
7520 0
7521 0
7522 0
7523 0
7524 0
7525 0
7526 0
7527 0
7528 0
7529 0
7530 0
7531 0
7532 0
7533 0
7534 0
7535 0
7536 0
7537 0
7538 0
7539 0
7540 0
7541 0
7542 0
7543 0
7544 0
7545 0
7546 0
7547 0
7548 0
7549 0
7550 0
7551 0
7552 0
7553 0
7554 0
7555 0
7556 0
7557 0
7558 0
7559 0
7560 0
7561 0
7562 0
7563 0
7564 0
7565 0
7566 0
7567 0
7568 0
7569 0
7570 0
7571 0
7572 0
7573 0
7574 0
7575 0
7576 0
7577 0
7578 0
7579 0
7580 0
7581 0
7582 0
7583 0
7584 0
7585 0
7586 0
7587 0
7588 0
7589 0
7590 0
7591 0
7592 0
7593 0
7594 0
7595 0
7596 0
7597 0
7598 0
7599 0
7600 0
7601 0
7602 0
7603 0
7604 0
7605 0
7606 0
7607 0
7608 0
7609 0
7610 0
7611 0
7612 0
7613 0
7614 0
7615 0
7616 0
7617 0
7618 0
7619 0
7620 0
7621 0
7622 0
7623 0
7624 0
7625 0
7626 0
7627 0
7628 0
7629 0
7630 0
7631 0
7632 0
7633 0
7634 0
7635 0
7636 0
7637 0
7638 0
7639 0
7640 0
7641 0
7642 0
7643 0
7644 0
7645 0
7646 0
7647 0
7648 0
7649 0
7650 0
7651 0
7652 0
7653 0
7654 0
7655 0
7656 0
7657 0
7658 0
7659 0
7660 0
7661 0
7662 0
7663 0
7664 0
7665 0
7666 0
7667 0
7668 0
7669 0
7670 0
7671 0
7672 0
7673 0
7674 0
7675 0
7676 0
7677 0
7678 0
7679 0
7680 0
7681 0
7682 0
7683 0
7684 0
7685 0
7686 0
7687 0
7688 0
7689 0
7690 0
7691 0
7692 0
7693 0
7694 0
7695 0
7696 0
7697 0
7698 0
7699 0
7700 0
7701 0
7702 0
7703 0
7704 0
7705 0
7706 0
7707 0
7708 0
7709 0
7710 0
7711 0
7712 0
7713 0
7714 0
7715 0
7716 0
7717 0
7718 0
7719 0
7720 0
7721 0
7722 0
7723 0
7724 0
7725 0
7726 0
7727 0
7728 0
7729 0
7730 0
7731 0
7732 0
7733 0
7734 0
7735 0
7736 0
7737 0
7738 0
7739 0
7740 0
7741 0
7742 0
7743 0
7744 0
7745 0
7746 0
7747 0
7748 0
7749 0
7750 0
7751 0
7752 0
7753 0
7754 0
7755 0
7756 0
7757 0
7758 0
7759 0
7760 0
7761 0
7762 0
7763 0
7764 0
7765 0
7766 0
7767 0
7768 0
7769 0
7770 0
7771 0
7772 0
7773 0
7774 0
7775 0
7776 0
7777 0
7778 0
7779 0
7780 0
7781 0
7782 0
7783 0
7784 0
7785 0
7786 0
7787 0
7788 0
7789 0
7790 0
7791 0
7792 0
7793 0
7794 0
7795 0
7796 0
7797 0
7798 0
7799 0
7800 0
7801 0
7802 0
7803 0
7804 0
7805 0
7806 0
7807 0
7808 0
7809 0
7810 0
7811 0
7812 0
7813 0
7814 0
7815 0
7816 0
7817 0
7818 0
7819 0
7820 0
7821 0
7822 0
7823 0
7824 0
7825 0
7826 0
7827 0
7828 0
7829 0
7830 0
7831 0
7832 0
7833 0
7834 0
7835 0
7836 0
7837 0
7838 0
7839 0
7840 0
7841 0
7842 0
7843 0
7844 0
7845 0
7846 0
7847 0
7848 0
7849 0
7850 0
7851 0
7852 0
7853 0
7854 0
7855 0
7856 0
7857 0
7858 0
7859 0
7860 0
7861 0
7862 0
7863 0
7864 0
7865 0
7866 0
7867 0
7868 0
7869 0
7870 0
7871 0
7872 0
7873 0
7874 0
7875 0
7876 0
7877 0
7878 0
7879 0
7880 0
7881 0
7882 0
7883 0
7884 0
7885 0
7886 0
7887 0
7888 0
7889 0
7890 0
7891 0
7892 0
7893 0
7894 0
7895 0
7896 0
7897 0
7898 0
7899 0
7900 0
7901 0
7902 0
7903 0
7904 0
7905 0
7906 0
7907 0
7908 0
7909 0
7910 0
7911 0
7912 0
7913 0
7914 0
7915 0
7916 0
7917 0
7918 0
7919 0
7920 0
7921 0
7922 0
7923 0
7924 0
7925 0
7926 0
7927 0
7928 0
7929 0
7930 0
7931 0
7932 0
7933 0
7934 0
7935 0
7936 0
7937 0
7938 0
7939 0
7940 0
7941 0
7942 0
7943 0
7944 0
7945 0
7946 0
7947 0
7948 0
7949 0
7950 0
7951 0
7952 0
7953 0
7954 0
7955 0
7956 0
7957 0
7958 0
7959 0
7960 0
7961 0
7962 0
7963 0
7964 0
7965 0
7966 0
7967 0
7968 0
7969 0
7970 0
7971 0
7972 0
7973 0
7974 0
7975 0
7976 0
7977 0
7978 0
7979 0
7980 0
7981 0
7982 0
7983 0
7984 0
7985 0
7986 0
7987 0
7988 0
7989 0
7990 0
7991 0
7992 0
7993 0
7994 0
7995 0
7996 0
7997 0
7998 0
7999 0
8000 0
8001 0
8002 0
8003 0
8004 0
8005 0
8006 0
8007 0
8008 0
8009 0
8010 0
8011 0
8012 0
8013 0
8014 0
8015 0
8016 0
8017 0
8018 0
8019 0
8020 0
8021 0
8022 0
8023 0
8024 0
8025 0
8026 0
8027 0
8028 0
8029 0
8030 0
8031 0
8032 0
8033 0
8034 0
8035 0
8036 0
8037 0
8038 0
8039 0
8040 0
8041 0
8042 0
8043 0
8044 0
8045 0
8046 0
8047 0
8048 0
8049 0
8050 0
8051 0
8052 0
8053 0
8054 0
8055 0
8056 0
8057 0
8058 0
8059 0
8060 0
8061 0
8062 0
8063 0
8064 0
8065 0
8066 0
8067 0
8068 0
8069 0
8070 0
8071 0
8072 0
8073 0
8074 0
8075 0
8076 0
8077 0
8078 0
8079 0
8080 0
8081 0
8082 0
8083 0
8084 0
8085 0
8086 0
8087 0
8088 0
8089 0
8090 0
8091 0
8092 0
8093 0
8094 0
8095 0
8096 0
8097 0
8098 0
8099 0
8100 0
8101 0
8102 0
8103 0
8104 0
8105 0
8106 0
8107 0
8108 0
8109 0
8110 0
8111 0
8112 0
8113 0
8114 0
8115 0
8116 0
8117 0
8118 0
8119 0
8120 0
8121 0
8122 0
8123 0
8124 0
8125 0
8126 0
8127 0
8128 0
8129 0
8130 0
8131 0
8132 0
8133 0
8134 0
8135 0
8136 0
8137 0
8138 0
8139 0
8140 0
8141 0
8142 0
8143 0
8144 0
8145 0
8146 0
8147 0
8148 0
8149 0
8150 0
8151 0
8152 0
8153 0
8154 0
8155 0
8156 0
8157 0
8158 0
8159 0
8160 0
8161 0
8162 0
8163 0
8164 0
8165 0
8166 0
8167 0
8168 0
8169 0
8170 0
8171 0
8172 0
8173 0
8174 0
8175 0
8176 0
8177 0
8178 0
8179 0
8180 0
8181 0
8182 0
8183 0
8184 0
8185 0
8186 0
8187 0
8188 0
8189 0
8190 0
8191 0
