# Frequenzgang
# C = 3.3 uF
# R = 8 O
# Fehler d. Freq-Gen wurde aus Schwankung der Anzeige ermittelt
# f [Hz], Fehler [Hz],  U_0 [V], Fehler [V], U_R [V], Fehler [V]
   21.55     0.01         2.977    0.001       0.0114   0.0001
   44.01     0.01         2.987    0.001       0.0232   0.0001
   82.50     0.01         2.978    0.001       0.0432   0.0001
  163.95     0.04         2.933    0.001       0.0843   0.0001
  334.01     0.1          2.768    0.001       0.1613   0.0001
  770.3      0.3          2.176    0.001       0.2901   0.0001
 1050        1            1.839    0.001       0.3315   0.0001
 2092.3      0.5          1.106    0.001       0.3774   0.0001
 4352.4      1            0.586    0.001       0.3506   0.0001
 9421.3      0.1          0.2846   0.0001      0.2452   0.0001
13840        1            0.1965   0.0001      0.1837   0.0001
16490        1            0.1651   0.0001      0.1578   0.0001
19693        1            0.1377   0.0001      0.1338   0.0001
