# I_B = 34.0+-1 uA
# I_C [mA], Fehler, U_CE [V], Fehler, U_BE,   Fehler
  6.14      0.01    0.560     0.001
  4.68      0.01    1.116     0.001
  4.80      0.01    1.809     0.001
  4.98      0.01    2.739     0.001
  4.99      0.01    2.963     0.001
  5.06      0.01    4.122     0.001
  5.14      0.01    5.088     0.001
  5.23      0.01    6.376     0.001
  5.26      0.01    7.57      0.01
  5.31      0.01    8.69      0.01
  5.37      0.01   10.15      0.01
  5.44      0.01   11.80      0.01
