# I_B = 90+-1 uA
# I_C [mA], Fehler, U_CE [V], Fehler, U_BE,   Fehler
  15.30     0.01    0.663     0.001   0.744   0.001
  13.39     0.01    1.525     0.001   0.725   0.001
   9.90     0.05    2.305     0.001   0.658   0.001
  10.69     0.01    3.277     0.001   0.604   0.001
  11.42     0.01    4.473     0.001   0.587   0.001
  11.72     0.01    5.674     0.001   0.587   0.001
  11.92     0.01    6.66      0.01    0.583   0.001
  12.37     0.01    7.94      0.01    0.603   0.001
  12.50     0.01    9.26      0.01    0.602   0.001
  12.70     0.01   10.42      0.01    0.599   0.001
  12.96     0.01   11.82      0.01    0.595   0.001
