# I_B = 120+-1 uA
# I_C [mA], Fehler, U_CE [V], Fehler, U_BE,   Fehler
  17.71     0.01    0.447     0.001   0.752   0.001
  20.88     0.01    1.071     0.001   0.751   0.001
  17.25     0.01    1.872     0.001   0.729   0.001
  13.95     0.01    3.281     0.001   0.641   0.001
  14.10     0.01    4.628     0.001   0.606   0.001
  14.61     0.01    5.761     0.001   0.622   0.001
  15.16     0.01    7.14      0.01    0.619   0.001
  15.46     0.01    8.36      0.01    0.615   0.001
  15.77     0.01    9.63      0.01    0.612   0.001
  16.12     0.01    10.96     0.01    0.608   0.001
  16.40     0.01    12.03     0.01    0.603   0.001
